   0.0010
   0.0020
   0.0030
   0.0040
   0.0050
   0.0060
   0.0070
   0.0080
   0.0090
   0.0100
   0.0110
   0.0120
   0.0130
   0.0140
   0.0150
   0.0160
   0.0170
   0.0180
   0.0190
   0.0200
   0.0210
   0.0220
   0.0230
   0.0240
   0.0250
   0.0260
   0.0270
   0.0280
   0.0290
   0.0300
   0.0310
   0.0320
   0.0330
   0.0340
   0.0350
   0.0360
   0.0370
   0.0380
   0.0390
   0.0400
   0.0410
   0.0420
   0.0430
   0.0440
   0.0450
   0.0460
   0.0470
   0.0480
   0.0490
   0.0500
   0.0509
   0.0519
   0.0529
   0.0539
   0.0549
   0.0559
   0.0569
   0.0579
   0.0589
   0.0599
   0.0609
   0.0619
   0.0629
   0.0639
   0.0649
   0.0659
   0.0669
   0.0679
   0.0689
   0.0699
   0.0709
   0.0719
   0.0729
   0.0739
   0.0749
   0.0759
   0.0769
   0.0779
   0.0789
   0.0799
   0.0809
   0.0819
   0.0829
   0.0839
   0.0849
   0.0859
   0.0869
   0.0879
   0.0889
   0.0899
   0.0909
   0.0919
   0.0929
   0.0939
   0.0949
   0.0959
   0.0969
   0.0979
   0.0989
   0.0999
   0.1009
   0.1019
   0.1029
   0.1039
   0.1049
   0.1059
   0.1069
   0.1079
   0.1089
   0.1099
   0.1109
   0.1119
   0.1129
   0.1139
   0.1149
   0.1159
   0.1169
   0.1179
   0.1189
   0.1199
   0.1209
   0.1219
   0.1229
   0.1239
   0.1249
   0.1259
   0.1269
   0.1279
   0.1289
   0.1299
   0.1309
   0.1319
   0.1329
   0.1339
   0.1349
   0.1359
   0.1369
   0.1379
   0.1389
   0.1399
   0.1409
   0.1419
   0.1429
   0.1439
   0.1449
   0.1459
   0.1469
   0.1479
   0.1489
   0.1499
   0.1508
   0.1518
   0.1528
   0.1538
   0.1548
   0.1558
   0.1568
   0.1578
   0.1588
   0.1598
   0.1608
   0.1618
   0.1628
   0.1638
   0.1648
   0.1658
   0.1668
   0.1678
   0.1688
   0.1698
   0.1708
   0.1718
   0.1728
   0.1738
   0.1748
   0.1758
   0.1768
   0.1778
   0.1788
   0.1798
   0.1808
   0.1818
   0.1828
   0.1838
   0.1848
   0.1858
   0.1868
   0.1878
   0.1888
   0.1898
   0.1908
   0.1918
   0.1928
   0.1938
   0.1948
   0.1958
   0.1968
   0.1978
   0.1988
   0.1998
   0.2008
   0.2018
   0.2028
   0.2038
   0.2048
   0.2058
   0.2068
   0.2078
   0.2088
   0.2098
   0.2108
   0.2118
   0.2128
   0.2138
   0.2148
   0.2158
   0.2168
   0.2178
   0.2188
   0.2198
   0.2208
   0.2218
   0.2228
   0.2238
   0.2248
   0.2258
   0.2268
   0.2278
   0.2288
   0.2298
   0.2308
   0.2318
   0.2328
   0.2338
   0.2348
   0.2358
   0.2368
   0.2378
   0.2388
   0.2398
   0.2408
   0.2418
   0.2428
   0.2438
   0.2448
   0.2458
   0.2468
   0.2478
   0.2488
   0.2498
   0.2507
   0.2517
   0.2527
   0.2537
   0.2547
   0.2557
   0.2567
   0.2577
   0.2587
   0.2597
   0.2607
   0.2617
   0.2627
   0.2637
   0.2647
   0.2657
   0.2667
   0.2677
   0.2687
   0.2697
   0.2707
   0.2717
   0.2727
   0.2737
   0.2747
   0.2757
   0.2767
   0.2777
   0.2787
   0.2797
   0.2807
   0.2817
   0.2827
   0.2837
   0.2847
   0.2857
   0.2867
   0.2877
   0.2887
   0.2897
   0.2907
   0.2917
   0.2927
   0.2937
   0.2947
   0.2957
   0.2967
   0.2977
   0.2987
   0.2997
   0.3007
   0.3017
   0.3027
   0.3037
   0.3047
   0.3057
   0.3067
   0.3077
   0.3087
   0.3097
   0.3107
   0.3117
   0.3127
   0.3137
   0.3147
   0.3157
   0.3167
   0.3177
   0.3187
   0.3197
   0.3207
   0.3217
   0.3227
   0.3237
   0.3247
   0.3257
   0.3267
   0.3277
   0.3287
   0.3297
   0.3307
   0.3317
   0.3327
   0.3337
   0.3347
   0.3357
   0.3367
   0.3377
   0.3387
   0.3397
   0.3407
   0.3417
   0.3427
   0.3437
   0.3447
   0.3457
   0.3467
   0.3477
   0.3487
   0.3497
   0.3506
   0.3516
   0.3526
   0.3536
   0.3546
   0.3556
   0.3566
   0.3576
   0.3586
   0.3596
   0.3606
   0.3616
   0.3626
   0.3636
   0.3646
   0.3656
   0.3666
   0.3676
   0.3686
   0.3696
   0.3706
   0.3716
   0.3726
   0.3736
   0.3746
   0.3756
   0.3766
   0.3776
   0.3786
   0.3796
   0.3806
   0.3816
   0.3826
   0.3836
   0.3846
   0.3856
   0.3866
   0.3876
   0.3886
   0.3896
   0.3906
   0.3916
   0.3926
   0.3936
   0.3946
   0.3956
   0.3966
   0.3976
   0.3986
   0.3996
   0.4006
   0.4016
   0.4026
   0.4036
   0.4046
   0.4056
   0.4066
   0.4076
   0.4086
   0.4096
   0.4106
   0.4116
   0.4126
   0.4136
   0.4146
   0.4156
   0.4166
   0.4176
   0.4186
   0.4196
   0.4206
   0.4216
   0.4226
   0.4236
   0.4246
   0.4256
   0.4266
   0.4276
   0.4286
   0.4296
   0.4306
   0.4316
   0.4326
   0.4336
   0.4346
   0.4356
   0.4366
   0.4376
   0.4386
   0.4396
   0.4406
   0.4416
   0.4426
   0.4436
   0.4446
   0.4456
   0.4466
   0.4476
   0.4486
   0.4496
   0.4505
   0.4515
   0.4525
   0.4535
   0.4545
   0.4555
   0.4565
   0.4575
   0.4585
   0.4595
   0.4605
   0.4615
   0.4625
   0.4635
   0.4645
   0.4655
   0.4665
   0.4675
   0.4685
   0.4695
   0.4705
   0.4715
   0.4725
   0.4735
   0.4745
   0.4755
   0.4765
   0.4775
   0.4785
   0.4795
   0.4805
   0.4815
   0.4825
   0.4835
   0.4845
   0.4855
   0.4865
   0.4875
   0.4885
   0.4895
   0.4905
   0.4915
   0.4925
   0.4935
   0.4945
   0.4955
   0.4965
   0.4975
   0.4985
   0.4995
   0.5005
   0.5015
   0.5025
   0.5035
   0.5045
   0.5055
   0.5065
   0.5075
   0.5085
   0.5095
   0.5105
   0.5115
   0.5125
   0.5135
   0.5145
   0.5155
   0.5165
   0.5175
   0.5185
   0.5195
   0.5205
   0.5215
   0.5225
   0.5235
   0.5245
   0.5255
   0.5265
   0.5275
   0.5285
   0.5295
   0.5305
   0.5315
   0.5325
   0.5335
   0.5345
   0.5355
   0.5365
   0.5375
   0.5385
   0.5395
   0.5405
   0.5415
   0.5425
   0.5435
   0.5445
   0.5455
   0.5465
   0.5475
   0.5485
   0.5495
   0.5504
   0.5514
   0.5524
   0.5534
   0.5544
   0.5554
   0.5564
   0.5574
   0.5584
   0.5594
   0.5604
   0.5614
   0.5624
   0.5634
   0.5644
   0.5654
   0.5664
   0.5674
   0.5684
   0.5694
   0.5704
   0.5714
   0.5724
   0.5734
   0.5744
   0.5754
   0.5764
   0.5774
   0.5784
   0.5794
   0.5804
   0.5814
   0.5824
   0.5834
   0.5844
   0.5854
   0.5864
   0.5874
   0.5884
   0.5894
   0.5904
   0.5914
   0.5924
   0.5934
   0.5944
   0.5954
   0.5964
   0.5974
   0.5984
   0.5994
   0.6004
   0.6014
   0.6024
   0.6034
   0.6044
   0.6054
   0.6064
   0.6074
   0.6084
   0.6094
   0.6104
   0.6114
   0.6124
   0.6134
   0.6144
   0.6154
   0.6164
   0.6174
   0.6184
   0.6194
   0.6204
   0.6214
   0.6224
   0.6234
   0.6244
   0.6254
   0.6264
   0.6274
   0.6284
   0.6294
   0.6304
   0.6314
   0.6324
   0.6334
   0.6344
   0.6354
   0.6364
   0.6374
   0.6384
   0.6394
   0.6404
   0.6414
   0.6424
   0.6434
   0.6444
   0.6454
   0.6464
   0.6474
   0.6484
   0.6494
   0.6503
   0.6513
   0.6523
   0.6533
   0.6543
   0.6553
   0.6563
   0.6573
   0.6583
   0.6593
   0.6603
   0.6613
   0.6623
   0.6633
   0.6643
   0.6653
   0.6663
   0.6673
   0.6683
   0.6693
   0.6703
   0.6713
   0.6723
   0.6733
   0.6743
   0.6753
   0.6763
   0.6773
   0.6783
   0.6793
   0.6803
   0.6813
   0.6823
   0.6833
   0.6843
   0.6853
   0.6863
   0.6873
   0.6883
   0.6893
   0.6903
   0.6913
   0.6923
   0.6933
   0.6943
   0.6953
   0.6963
   0.6973
   0.6983
   0.6993
   0.7003
   0.7013
   0.7023
   0.7033
   0.7043
   0.7053
   0.7063
   0.7073
   0.7083
   0.7093
   0.7103
   0.7113
   0.7123
   0.7133
   0.7143
   0.7153
   0.7163
   0.7173
   0.7183
   0.7193
   0.7203
   0.7213
   0.7223
   0.7233
   0.7243
   0.7253
   0.7263
   0.7273
   0.7283
   0.7293
   0.7303
   0.7313
   0.7323
   0.7333
   0.7343
   0.7353
   0.7363
   0.7373
   0.7383
   0.7393
   0.7403
   0.7413
   0.7423
   0.7433
   0.7443
   0.7453
   0.7463
   0.7473
   0.7483
   0.7493
   0.7502
   0.7512
   0.7522
   0.7532
   0.7542
   0.7552
   0.7562
   0.7572
   0.7582
   0.7592
   0.7602
   0.7612
   0.7622
   0.7632
   0.7642
   0.7652
   0.7662
   0.7672
   0.7682
   0.7692
   0.7702
   0.7712
   0.7722
   0.7732
   0.7742
   0.7752
   0.7762
   0.7772
   0.7782
   0.7792
   0.7802
   0.7812
   0.7822
   0.7832
   0.7842
   0.7852
   0.7862
   0.7872
   0.7882
   0.7892
   0.7902
   0.7912
   0.7922
   0.7932
   0.7942
   0.7952
   0.7962
   0.7972
   0.7982
   0.7992
   0.8002
   0.8012
   0.8022
   0.8032
   0.8042
   0.8052
   0.8062
   0.8072
   0.8082
   0.8092
   0.8102
   0.8112
   0.8122
   0.8132
   0.8142
   0.8152
   0.8162
   0.8172
   0.8182
   0.8192
   0.8202
   0.8212
   0.8222
   0.8232
   0.8242
   0.8252
   0.8262
   0.8272
   0.8282
   0.8292
   0.8302
   0.8312
   0.8322
   0.8332
   0.8342
   0.8352
   0.8362
   0.8372
   0.8382
   0.8392
   0.8402
   0.8412
   0.8422
   0.8432
   0.8442
   0.8452
   0.8462
   0.8472
   0.8482
   0.8492
   0.8501
   0.8511
   0.8521
   0.8531
   0.8541
   0.8551
   0.8561
   0.8571
   0.8581
   0.8591
   0.8601
   0.8611
   0.8621
   0.8631
   0.8641
   0.8651
   0.8661
   0.8671
   0.8681
   0.8691
   0.8701
   0.8711
   0.8721
   0.8731
   0.8741
   0.8751
   0.8761
   0.8771
   0.8781
   0.8791
   0.8801
   0.8811
   0.8821
   0.8831
   0.8841
   0.8851
   0.8861
   0.8871
   0.8881
   0.8891
   0.8901
   0.8911
   0.8921
   0.8931
   0.8941
   0.8951
   0.8961
   0.8971
   0.8981
   0.8991
   0.9001
   0.9011
   0.9021
   0.9031
   0.9041
   0.9051
   0.9061
   0.9071
   0.9081
   0.9091
   0.9101
   0.9111
   0.9121
   0.9131
   0.9141
   0.9151
   0.9161
   0.9171
   0.9181
   0.9191
   0.9201
   0.9211
   0.9221
   0.9231
   0.9241
   0.9251
   0.9261
   0.9271
   0.9281
   0.9291
   0.9301
   0.9311
   0.9321
   0.9331
   0.9341
   0.9351
   0.9361
   0.9371
   0.9381
   0.9391
   0.9401
   0.9411
   0.9421
   0.9431
   0.9441
   0.9451
   0.9461
   0.9471
   0.9481
   0.9491
   0.9500
   0.9510
   0.9520
   0.9530
   0.9540
   0.9550
   0.9560
   0.9570
   0.9580
   0.9590
   0.9600
   0.9610
   0.9620
   0.9630
   0.9640
   0.9650
   0.9660
   0.9670
   0.9680
   0.9690
   0.9700
   0.9710
   0.9720
   0.9730
   0.9740
   0.9750
   0.9760
   0.9770
   0.9780
   0.9790
   0.9800
   0.9810
   0.9820
   0.9830
   0.9840
   0.9850
   0.9860
   0.9870
   0.9880
   0.9890
   0.9900
   0.9910
   0.9920
   0.9930
   0.9940
   0.9950
   0.9960
   0.9970
   0.9980
   0.9990
   
   0.0089
   0.0178
   0.0265
   0.0352
   0.0437
   0.0522
   0.0605
   0.0688
   0.0770
   0.0851
   0.0931
   0.1010
   0.1088
   0.1165
   0.1242
   0.1317
   0.1392
   0.1466
   0.1539
   0.1611
   0.1683
   0.1753
   0.1823
   0.1892
   0.1960
   0.2028
   0.2094
   0.2160
   0.2225
   0.2290
   0.2354
   0.2417
   0.2479
   0.2540
   0.2601
   0.2661
   0.2720
   0.2779
   0.2837
   0.2895
   0.2951
   0.3007
   0.3063
   0.3117
   0.3171
   0.3225
   0.3278
   0.3330
   0.3381
   0.3432
   0.3482
   0.3532
   0.3581
   0.3630
   0.3678
   0.3725
   0.3772
   0.3818
   0.3864
   0.3909
   0.3954
   0.3998
   0.4041
   0.4084
   0.4127
   0.4169
   0.4210
   0.4251
   0.4291
   0.4331
   0.4371
   0.4410
   0.4448
   0.4486
   0.4524
   0.4561
   0.4597
   0.4633
   0.4669
   0.4704
   0.4739
   0.4773
   0.4807
   0.4840
   0.4873
   0.4906
   0.4938
   0.4969
   0.5001
   0.5032
   0.5062
   0.5092
   0.5122
   0.5151
   0.5180
   0.5208
   0.5236
   0.5264
   0.5292
   0.5319
   0.5345
   0.5371
   0.5397
   0.5423
   0.5448
   0.5473
   0.5497
   0.5521
   0.5545
   0.5569
   0.5592
   0.5615
   0.5637
   0.5659
   0.5681
   0.5703
   0.5724
   0.5745
   0.5765
   0.5786
   0.5806
   0.5825
   0.5845
   0.5864
   0.5883
   0.5901
   0.5919
   0.5937
   0.5955
   0.5972
   0.5990
   0.6006
   0.6023
   0.6039
   0.6055
   0.6071
   0.6087
   0.6102
   0.6117
   0.6132
   0.6147
   0.6161
   0.6175
   0.6189
   0.6202
   0.6216
   0.6229
   0.6242
   0.6254
   0.6267
   0.6279
   0.6291
   0.6303
   0.6314
   0.6326
   0.6337
   0.6348
   0.6359
   0.6369
   0.6379
   0.6390
   0.6399
   0.6409
   0.6419
   0.6428
   0.6437
   0.6446
   0.6455
   0.6463
   0.6472
   0.6480
   0.6488
   0.6496
   0.6504
   0.6511
   0.6518
   0.6525
   0.6532
   0.6539
   0.6546
   0.6552
   0.6559
   0.6565
   0.6571
   0.6577
   0.6582
   0.6588
   0.6593
   0.6598
   0.6603
   0.6608
   0.6613
   0.6618
   0.6622
   0.6626
   0.6631
   0.6635
   0.6639
   0.6642
   0.6646
   0.6649
   0.6653
   0.6656
   0.6659
   0.6662
   0.6665
   0.6668
   0.6670
   0.6673
   0.6675
   0.6677
   0.6679
   0.6681
   0.6683
   0.6685
   0.6686
   0.6688
   0.6689
   0.6691
   0.6692
   0.6693
   0.6694
   0.6695
   0.6695
   0.6696
   0.6696
   0.6697
   0.6697
   0.6697
   0.6697
   0.6697
   0.6697
   0.6697
   0.6697
   0.6696
   0.6696
   0.6695
   0.6695
   0.6694
   0.6693
   0.6692
   0.6691
   0.6690
   0.6689
   0.6687
   0.6686
   0.6685
   0.6683
   0.6681
   0.6680
   0.6678
   0.6676
   0.6674
   0.6672
   0.6670
   0.6668
   0.6665
   0.6663
   0.6661
   0.6658
   0.6655
   0.6653
   0.6650
   0.6647
   0.6644
   0.6641
   0.6638
   0.6635
   0.6632
   0.6629
   0.6626
   0.6622
   0.6619
   0.6615
   0.6612
   0.6608
   0.6604
   0.6601
   0.6597
   0.6593
   0.6589
   0.6585
   0.6581
   0.6577
   0.6573
   0.6569
   0.6564
   0.6560
   0.6556
   0.6551
   0.6547
   0.6542
   0.6537
   0.6533
   0.6528
   0.6523
   0.6518
   0.6514
   0.6509
   0.6504
   0.6499
   0.6494
   0.6488
   0.6483
   0.6478
   0.6473
   0.6468
   0.6462
   0.6457
   0.6451
   0.6446
   0.6440
   0.6435
   0.6429
   0.6423
   0.6418
   0.6412
   0.6406
   0.6400
   0.6394
   0.6388
   0.6382
   0.6376
   0.6370
   0.6364
   0.6358
   0.6352
   0.6346
   0.6340
   0.6333
   0.6327
   0.6321
   0.6314
   0.6308
   0.6301
   0.6295
   0.6288
   0.6282
   0.6275
   0.6269
   0.6262
   0.6255
   0.6249
   0.6242
   0.6235
   0.6228
   0.6221
   0.6214
   0.6208
   0.6201
   0.6194
   0.6187
   0.6180
   0.6172
   0.6165
   0.6158
   0.6151
   0.6144
   0.6137
   0.6129
   0.6122
   0.6115
   0.6108
   0.6100
   0.6093
   0.6086
   0.6078
   0.6071
   0.6063
   0.6056
   0.6048
   0.6041
   0.6033
   0.6025
   0.6018
   0.6010
   0.6002
   0.5995
   0.5987
   0.5979
   0.5972
   0.5964
   0.5956
   0.5948
   0.5940
   0.5932
   0.5925
   0.5917
   0.5909
   0.5901
   0.5893
   0.5885
   0.5877
   0.5869
   0.5861
   0.5853
   0.5845
   0.5837
   0.5828
   0.5820
   0.5812
   0.5804
   0.5796
   0.5787
   0.5779
   0.5771
   0.5763
   0.5754
   0.5746
   0.5738
   0.5729
   0.5721
   0.5713
   0.5704
   0.5696
   0.5688
   0.5679
   0.5671
   0.5662
   0.5654
   0.5645
   0.5637
   0.5628
   0.5620
   0.5611
   0.5603
   0.5594
   0.5585
   0.5577
   0.5568
   0.5560
   0.5551
   0.5542
   0.5534
   0.5525
   0.5516
   0.5507
   0.5499
   0.5490
   0.5481
   0.5472
   0.5464
   0.5455
   0.5446
   0.5437
   0.5428
   0.5420
   0.5411
   0.5402
   0.5393
   0.5384
   0.5375
   0.5366
   0.5357
   0.5349
   0.5340
   0.5331
   0.5322
   0.5313
   0.5304
   0.5295
   0.5286
   0.5277
   0.5268
   0.5259
   0.5250
   0.5241
   0.5232
   0.5223
   0.5213
   0.5204
   0.5195
   0.5186
   0.5177
   0.5168
   0.5159
   0.5150
   0.5141
   0.5131
   0.5122
   0.5113
   0.5104
   0.5095
   0.5086
   0.5076
   0.5067
   0.5058
   0.5049
   0.5039
   0.5030
   0.5021
   0.5012
   0.5002
   0.4993
   0.4984
   0.4975
   0.4965
   0.4956
   0.4947
   0.4937
   0.4928
   0.4919
   0.4909
   0.4900
   0.4891
   0.4881
   0.4872
   0.4863
   0.4853
   0.4844
   0.4835
   0.4825
   0.4816
   0.4806
   0.4797
   0.4788
   0.4778
   0.4769
   0.4759
   0.4750
   0.4740
   0.4731
   0.4722
   0.4712
   0.4703
   0.4693
   0.4684
   0.4674
   0.4665
   0.4655
   0.4646
   0.4636
   0.4627
   0.4617
   0.4608
   0.4598
   0.4589
   0.4579
   0.4570
   0.4560
   0.4551
   0.4541
   0.4532
   0.4522
   0.4512
   0.4503
   0.4493
   0.4484
   0.4474
   0.4465
   0.4455
   0.4445
   0.4436
   0.4426
   0.4417
   0.4407
   0.4397
   0.4388
   0.4378
   0.4369
   0.4359
   0.4349
   0.4340
   0.4330
   0.4320
   0.4311
   0.4301
   0.4292
   0.4282
   0.4272
   0.4263
   0.4253
   0.4243
   0.4234
   0.4224
   0.4214
   0.4205
   0.4195
   0.4185
   0.4176
   0.4166
   0.4156
   0.4147
   0.4137
   0.4127
   0.4117
   0.4108
   0.4098
   0.4088
   0.4079
   0.4069
   0.4059
   0.4049
   0.4040
   0.4030
   0.4020
   0.4011
   0.4001
   0.3991
   0.3981
   0.3972
   0.3962
   0.3952
   0.3942
   0.3933
   0.3923
   0.3913
   0.3903
   0.3894
   0.3884
   0.3874
   0.3864
   0.3854
   0.3845
   0.3835
   0.3825
   0.3815
   0.3806
   0.3796
   0.3786
   0.3776
   0.3766
   0.3757
   0.3747
   0.3737
   0.3727
   0.3717
   0.3708
   0.3698
   0.3688
   0.3678
   0.3668
   0.3659
   0.3649
   0.3639
   0.3629
   0.3619
   0.3610
   0.3600
   0.3590
   0.3580
   0.3570
   0.3560
   0.3551
   0.3541
   0.3531
   0.3521
   0.3511
   0.3501
   0.3492
   0.3482
   0.3472
   0.3462
   0.3452
   0.3442
   0.3433
   0.3423
   0.3413
   0.3403
   0.3393
   0.3383
   0.3373
   0.3364
   0.3354
   0.3344
   0.3334
   0.3324
   0.3314
   0.3304
   0.3295
   0.3285
   0.3275
   0.3265
   0.3255
   0.3245
   0.3235
   0.3225
   0.3216
   0.3206
   0.3196
   0.3186
   0.3176
   0.3166
   0.3156
   0.3146
   0.3137
   0.3127
   0.3117
   0.3107
   0.3097
   0.3087
   0.3077
   0.3067
   0.3057
   0.3048
   0.3038
   0.3028
   0.3018
   0.3008
   0.2998
   0.2988
   0.2978
   0.2968
   0.2959
   0.2949
   0.2939
   0.2929
   0.2919
   0.2909
   0.2899
   0.2889
   0.2879
   0.2869
   0.2859
   0.2850
   0.2840
   0.2830
   0.2820
   0.2810
   0.2800
   0.2790
   0.2780
   0.2770
   0.2760
   0.2750
   0.2740
   0.2731
   0.2721
   0.2711
   0.2701
   0.2691
   0.2681
   0.2671
   0.2661
   0.2651
   0.2641
   0.2631
   0.2621
   0.2611
   0.2602
   0.2592
   0.2582
   0.2572
   0.2562
   0.2552
   0.2542
   0.2532
   0.2522
   0.2512
   0.2502
   0.2492
   0.2482
   0.2472
   0.2462
   0.2453
   0.2443
   0.2433
   0.2423
   0.2413
   0.2403
   0.2393
   0.2383
   0.2373
   0.2363
   0.2353
   0.2343
   0.2333
   0.2323
   0.2313
   0.2303
   0.2294
   0.2284
   0.2274
   0.2264
   0.2254
   0.2244
   0.2234
   0.2224
   0.2214
   0.2204
   0.2194
   0.2184
   0.2174
   0.2164
   0.2154
   0.2144
   0.2134
   0.2124
   0.2114
   0.2104
   0.2095
   0.2085
   0.2075
   0.2065
   0.2055
   0.2045
   0.2035
   0.2025
   0.2015
   0.2005
   0.1995
   0.1985
   0.1975
   0.1965
   0.1955
   0.1945
   0.1935
   0.1925
   0.1915
   0.1905
   0.1895
   0.1885
   0.1876
   0.1866
   0.1856
   0.1846
   0.1836
   0.1826
   0.1816
   0.1806
   0.1796
   0.1786
   0.1776
   0.1766
   0.1756
   0.1746
   0.1736
   0.1726
   0.1716
   0.1706
   0.1696
   0.1686
   0.1676
   0.1666
   0.1656
   0.1646
   0.1636
   0.1626
   0.1616
   0.1606
   0.1597
   0.1587
   0.1577
   0.1567
   0.1557
   0.1547
   0.1537
   0.1527
   0.1517
   0.1507
   0.1497
   0.1487
   0.1477
   0.1467
   0.1457
   0.1447
   0.1437
   0.1427
   0.1417
   0.1407
   0.1397
   0.1387
   0.1377
   0.1367
   0.1357
   0.1347
   0.1337
   0.1327
   0.1317
   0.1307
   0.1297
   0.1287
   0.1277
   0.1268
   0.1258
   0.1248
   0.1238
   0.1228
   0.1218
   0.1208
   0.1198
   0.1188
   0.1178
   0.1168
   0.1158
   0.1148
   0.1138
   0.1128
   0.1118
   0.1108
   0.1098
   0.1088
   0.1078
   0.1068
   0.1058
   0.1048
   0.1038
   0.1028
   0.1018
   0.1008
   0.0998
   0.0988
   0.0978
   0.0968
   0.0958
   0.0948
   0.0938
   0.0928
   0.0918
   0.0908
   0.0898
   0.0888
   0.0878
   0.0868
   0.0858
   0.0848
   0.0839
   0.0829
   0.0819
   0.0809
   0.0799
   0.0789
   0.0779
   0.0769
   0.0759
   0.0749
   0.0739
   0.0729
   0.0719
   0.0709
   0.0699
   0.0689
   0.0679
   0.0669
   0.0659
   0.0649
   0.0639
   0.0629
   0.0619
   0.0609
   0.0599
   0.0589
   0.0579
   0.0569
   0.0559
   0.0549
   0.0539
   0.0529
   0.0519
   0.0509
   0.0499
   0.0489
   0.0479
   0.0469
   0.0459
   0.0449
   0.0439
   0.0429
   0.0419
   0.0409
   0.0399
   0.0389
   0.0379
   0.0369
   0.0359
   0.0349
   0.0339
   0.0329
   0.0319
   0.0310
   0.0300
   0.0290
   0.0280
   0.0270
   0.0260
   0.0250
   0.0240
   0.0230
   0.0220
   0.0210
   0.0200
   0.0190
   0.0180
   0.0170
   0.0160
   0.0150
   0.0140
   0.0130
   0.0120
   0.0110
   0.0100
   0.0090
   0.0080
   0.0070
   0.0060
   0.0050
   0.0040
   0.0030
   0.0020
   0.0010
   
  -5.0801
  -5.0801
  -5.0801
  -5.0801
  -5.0801
  -5.0801
  -5.0801
  -5.0801
  -5.0801
  -5.0801
  -5.0801
  -5.0801
  -5.0801
  -5.0801
  -5.0801
  -5.0801
  -5.0801
  -5.0801
  -5.0801
  -5.0801
  -5.0801
  -5.0801
  -5.0801
  -5.0801
  -5.0801
  -5.0801
  -5.0801
  -5.0801
  -5.0801
  -5.0801
  -5.0801
  -5.0801
  -5.0801
  -5.0801
  -5.0801
  -5.0801
  -5.0801
  -5.0801
  -5.0801
  -5.0801
  -5.0801
  -5.0801
  -5.0801
  -5.0801
  -5.0801
  -5.0801
  -5.0801
  -5.0801
  -5.0801
  -5.0801
  -5.0801
  -5.0801
  -5.0801
  -5.0801
  -5.0801
  -5.0801
  -5.0801
  -5.0801
  -5.0801
  -5.0801
  -5.0801
  -5.0801
  -5.0801
  -5.0801
  -5.0801
  -5.0801
  -5.0801
  -5.0801
  -5.0801
  -5.0801
  -5.0801
  -5.0801
  -5.0801
  -5.0801
  -5.0801
  -5.0801
  -5.0801
  -5.0801
  -5.0801
  -5.0801
  -5.0801
  -5.0801
  -5.0801
  -5.0801
  -5.0801
  -5.0801
  -5.0801
  -5.0801
  -5.0801
  -5.0801
  -5.0801
  -5.0801
  -5.0801
  -5.0801
  -5.0801
  -5.0801
  -5.0801
  -5.0801
  -5.0801
  -5.0801
  -5.0801
  -5.0801
  -5.0801
  -5.0801
  -5.0801
  -5.0801
  -5.0801
  -5.0801
  -5.0801
  -5.0801
  -5.0801
  -5.0801
  -5.0801
  -5.0801
  -5.0801
  -5.0801
  -5.0801
  -5.0801
  -5.0801
  -5.0801
  -5.0801
  -5.0801
  -5.0801
  -5.0801
  -5.0801
  -5.0801
  -5.0801
  -5.0801
  -5.0801
  -5.0801
  -5.0801
  -5.0801
  -5.0801
  -5.0801
  -5.0801
  -5.0801
  -5.0801
  -5.0801
  -5.0801
  -5.0801
  -5.0801
  -5.0801
  -5.0801
  -5.0801
  -5.0801
  -5.0801
  -5.0801
  -5.0801
  -5.0801
  -5.0801
  -5.0801
  -5.0801
  -5.0801
  -5.0801
  -5.0801
  -5.0801
  -5.0801
  -5.0801
  -5.0801
  -5.0801
  -5.0801
  -5.0801
  -5.0801
  -5.0801
  -5.0801
  -5.0801
  -5.0801
  -5.0801
  -5.0801
  -5.0801
  -5.0801
  -5.0801
  -5.0801
  -5.0801
  -5.0801
  -5.0801
  -5.0801
  -5.0801
  -5.0801
  -5.0801
  -5.0801
  -5.0801
  -5.0801
  -5.0801
  -5.0801
  -5.0801
  -5.0801
  -5.0801
  -5.0801
  -5.0801
  -5.0801
  -5.0801
  -5.0801
  -5.0801
  -5.0801
  -5.0801
  -5.0801
  -5.0801
  -5.0801
  -5.0801
  -5.0801
  -5.0801
  -5.0801
  -5.0801
  -5.0801
  -5.0801
  -5.0801
  -5.0801
  -5.0801
  -5.0801
  -5.0801
  -5.0801
  -5.0801
  -5.0801
  -5.0801
  -5.0801
  -5.0801
  -5.0801
  -5.0801
  -5.0801
  -5.0801
  -5.0801
  -5.0801
  -5.0801
  -5.0801
  -5.0801
  -5.0801
  -5.0801
  -5.0801
  -5.0801
  -5.0801
  -5.0801
  -5.0801
  -5.0801
  -5.0801
  -5.0801
  -5.0801
  -5.0801
  -5.0801
  -5.0801
  -5.0801
  -5.0801
  -5.0801
  -5.0801
  -5.0801
  -5.0801
  -5.0801
  -5.0801
  -5.0801
  -5.0801
  -5.0801
  -5.0801
  -5.0801
  -5.0801
  -5.0801
  -5.0801
  -5.0801
  -5.0801
  -5.0801
  -5.0801
  -5.0801
  -5.0801
  -5.0801
  -5.0801
  -5.0801
  -5.0801
  -5.0801
  -5.0801
  -5.0801
  -5.0801
  -5.0801
  -5.0801
  -5.0801
  -5.0801
  -5.0801
  -5.0801
  -5.0801
  -5.0801
  -5.0801
  -5.0801
  -5.0801
  -5.0801
  -5.0801
  -5.0801
  -5.0801
  -5.0801
  -5.0801
  -5.0801
  -5.0801
  -5.0801
  -5.0801
  -5.0801
  -5.0801
  -5.0801
  -5.0801
  -5.0801
  -5.0801
  -5.0801
  -5.0801
  -5.0801
  -5.0801
  -5.0801
  -5.0801
  -5.0801
  -5.0801
  -5.0801
  -5.0801
  -5.0801
  -5.0801
  -5.0801
  -5.0801
  -5.0801
  -5.0801
  -5.0801
  -5.0801
  -5.0801
  -5.0801
  -5.0801
  -5.0801
  -5.0801
  -5.0801
  -5.0801
  -5.0801
  -5.0801
  -5.0801
  -5.0801
  -5.0801
  -5.0801
  -5.0801
  -5.0801
  -5.0801
  -5.0801
  -5.0801
  -5.0801
  -5.0801
  -5.0801
  -5.0801
  -5.0801
  -5.0801
  -5.0801
  -5.0801
  -5.0801
  -5.0801
  -5.0801
  -5.0801
  -5.0801
  -5.0801
  -5.0801
  -5.0801
  -5.0801
  -5.0801
  -5.0801
  -5.0801
  -5.0801
  -5.0801
  -5.0801
  -5.0801
  -5.0801
  -5.0801
  -5.0801
  -5.0801
  -5.0801
  -5.0801
  -5.0801
  -5.0801
  -5.0801
  -5.0801
  -5.0801
  -5.0801
  -5.0801
  -5.0801
  -5.0801
  -5.0801
  -5.0801
  -5.0801
  -5.0801
  -5.0801
  -5.0801
  -5.0801
  -5.0801
  -5.0801
  -5.0801
  -5.0801
  -5.0801
  -5.0801
  -5.0801
  -5.0801
  -5.0801
  -5.0801
  -5.0801
  -5.0801
  -5.0801
  -5.0801
  -5.0801
  -5.0801
  -5.0801
  -5.0801
  -5.0801
  -5.0801
  -5.0801
  -5.0801
  -5.0801
  -5.0801
  -5.0801
  -5.0801
  -5.0801
  -5.0801
  -5.0801
  -5.0801
  -5.0801
  -5.0801
  -5.0801
  -5.0801
  -5.0801
  -5.0801
  -5.0801
  -5.0801
  -5.0801
  -5.0801
  -5.0801
  -5.0801
  -5.0801
  -5.0801
  -5.0801
  -5.0801
  -5.0801
  -5.0801
  -5.0801
  -5.0801
  -5.0801
  -5.0801
  -5.0801
  -5.0801
  -5.0801
  -5.0801
  -5.0801
  -5.0801
  -5.0801
  -5.0801
  -5.0801
  -5.0801
  -5.0801
  -5.0801
  -5.0801
  -5.0801
  -5.0801
  -5.0801
  -5.0801
  -5.0801
  -5.0801
  -5.0801
  -5.0801
  -5.0801
  -5.0801
  -5.0801
  -5.0801
  -5.0801
  -5.0801
  -5.0801
  -5.0801
  -5.0801
  -5.0801
  -5.0801
  -5.0801
  -5.0801
  -5.0801
  -5.0801
  -5.0801
  -5.0801
  -5.0801
  -5.0801
  -5.0801
  -5.0801
  -5.0801
  -5.0801
  -5.0801
  -5.0801
  -5.0801
  -5.0801
  -5.0801
  -5.0801
  -5.0801
  -5.0801
  -5.0801
  -5.0801
  -5.0801
  -5.0801
  -5.0801
  -5.0801
  -5.0801
  -5.0801
  -5.0801
  -5.0801
  -5.0801
  -5.0801
  -5.0801
  -5.0801
  -5.0801
  -5.0801
  -5.0801
  -5.0801
  -5.0801
  -5.0801
  -5.0801
  -5.0801
  -5.0801
  -5.0801
  -5.0801
  -5.0801
  -5.0801
  -5.0801
  -5.0801
  -5.0801
  -5.0801
  -5.0801
  -5.0801
  -5.0801
  -5.0801
  -5.0801
  -5.0801
  -5.0801
  -5.0801
  -5.0801
  -5.0801
  -5.0801
  -5.0801
  -5.0801
  -5.0801
  -5.0801
  -5.0801
  -5.0801
  -5.0801
  -5.0801
  -5.0801
  -5.0801
  -5.0801
  -5.0801
  -5.0801
  -5.0801
  -5.0801
  -5.0801
  -5.0801
  -5.0801
  -5.0801
  -5.0801
  -5.0801
  -5.0801
  -5.0801
  -5.0801
  -5.0801
  -5.0801
  -5.0801
  -5.0801
  -5.0801
  -5.0801
  -5.0801
  -5.0801
  -5.0801
  -5.0801
  -5.0801
  -5.0801
  -5.0801
  -5.0801
  -5.0801
  -5.0801
  -5.0801
  -5.0801
  -5.0801
  -5.0801
  -5.0801
  -5.0801
  -5.0801
  -5.0801
  -5.0801
  -5.0801
  -5.0801
  -5.0801
  -5.0801
  -5.0801
  -5.0801
  -5.0801
  -5.0801
  -5.0801
  -5.0801
  -5.0801
  -5.0801
  -5.0801
  -5.0801
  -5.0801
  -5.0801
  -5.0801
  -5.0801
  -5.0801
  -5.0801
  -5.0801
  -5.0801
  -5.0801
  -5.0801
  -5.0801
  -5.0801
  -5.0801
  -5.0801
  -5.0801
  -5.0801
  -5.0801
  -5.0801
  -5.0801
  -5.0801
  -5.0801
  -5.0801
  -5.0801
  -5.0801
  -5.0801
  -5.0801
  -5.0801
  -5.0801
  -5.0801
  -5.0801
  -5.0801
  -5.0801
  -5.0801
  -5.0801
  -5.0801
  -5.0801
  -5.0801
  -5.0801
  -5.0801
  -5.0801
  -5.0801
  -5.0801
  -5.0801
  -5.0801
  -5.0801
  -5.0801
  -5.0801
  -5.0801
  -5.0801
  -5.0801
  -5.0801
  -5.0801
  -5.0801
  -5.0801
  -5.0801
  -5.0801
  -5.0801
  -5.0801
  -5.0801
  -5.0801
  -5.0801
  -5.0801
  -5.0801
  -5.0801
  -5.0801
  -5.0801
  -5.0801
  -5.0801
  -5.0801
  -5.0801
  -5.0801
  -5.0801
  -5.0801
  -5.0801
  -5.0801
  -5.0801
  -5.0801
  -5.0801
  -5.0801
  -5.0801
  -5.0801
  -5.0801
  -5.0801
  -5.0801
  -5.0801
  -5.0801
  -5.0801
  -5.0801
  -5.0801
  -5.0801
  -5.0801
  -5.0801
  -5.0801
  -5.0801
  -5.0801
  -5.0801
  -5.0801
  -5.0801
  -5.0801
  -5.0801
  -5.0801
  -5.0801
  -5.0801
  -5.0801
  -5.0801
  -5.0801
  -5.0801
  -5.0801
  -5.0801
  -5.0801
  -5.0801
  -5.0801
  -5.0801
  -5.0801
  -5.0801
  -5.0801
  -5.0801
  -5.0801
  -5.0801
  -5.0801
  -5.0801
  -5.0801
  -5.0801
  -5.0801
  -5.0801
  -5.0801
  -5.0801
  -5.0801
  -5.0801
  -5.0801
  -5.0801
  -5.0801
  -5.0801
  -5.0801
  -5.0801
  -5.0801
  -5.0801
  -5.0801
  -5.0801
  -5.0801
  -5.0801
  -5.0801
  -5.0801
  -5.0801
  -5.0801
  -5.0801
  -5.0801
  -5.0801
  -5.0801
  -5.0801
  -5.0801
  -5.0801
  -5.0801
  -5.0801
  -5.0801
  -5.0801
  -5.0801
  -5.0801
  -5.0801
  -5.0801
  -5.0801
  -5.0801
  -5.0801
  -5.0801
  -5.0801
  -5.0801
  -5.0801
  -5.0801
  -5.0801
  -5.0801
  -5.0801
  -5.0801
  -5.0801
  -5.0801
  -5.0801
  -5.0801
  -5.0801
  -5.0801
  -5.0801
  -5.0801
  -5.0801
  -5.0801
  -5.0801
  -5.0801
  -5.0801
  -5.0801
  -5.0801
  -5.0801
  -5.0801
  -5.0801
  -5.0801
  -5.0801
  -5.0801
  -5.0801
  -5.0801
  -5.0801
  -5.0801
  -5.0801
  -5.0801
  -5.0801
  -5.0801
  -5.0801
  -5.0801
  -5.0801
  -5.0801
  -5.0801
  -5.0801
  -5.0801
  -5.0801
  -5.0801
  -5.0801
  -5.0801
  -5.0801
  -5.0801
  -5.0801
  -5.0801
  -5.0801
  -5.0801
  -5.0801
  -5.0801
  -5.0801
  -5.0801
  -5.0801
  -5.0801
  -5.0801
  -5.0801
  -5.0801
  -5.0801
  -5.0801
  -5.0801
  -5.0801
  -5.0801
  -5.0801
  -5.0801
  -5.0801
  -5.0801
  -5.0801
  -5.0801
  -5.0801
  -5.0801
  -5.0801
  -5.0801
  -5.0801
  -5.0801
  -5.0801
  -5.0801
  -5.0801
  -5.0801
  -5.0801
  -5.0801
  -5.0801
  -5.0801
  -5.0801
  -5.0801
  -5.0801
  -5.0801
  -5.0801
  -5.0801
  -5.0801
  -5.0801
  -5.0801
  -5.0801
  -5.0801
  -5.0801
  -5.0801
  -5.0801
  -5.0801
  -5.0801
  -5.0801
  -5.0801
  -5.0801
  -5.0801
  -5.0801
  -5.0801
  -5.0801
  -5.0801
  -5.0801
  -5.0801
  -5.0801
  -5.0801
  -5.0801
  -5.0801
  -5.0801
  -5.0801
  -5.0801
  -5.0801
  -5.0801
  -5.0801
  -5.0801
  -5.0801
  -5.0801
  -5.0801
  -5.0801
  -5.0801
  -5.0801
  -5.0801
  -5.0801
  -5.0801
  -5.0801
  -5.0801
  -5.0801
  -5.0801
  -5.0801
  -5.0801
  -5.0801
  -5.0801
  -5.0801
  -5.0801
  -5.0801
  -5.0801
  -5.0801
  -5.0801
  -5.0801
  -5.0801
  -5.0801
  -5.0801
  -5.0801
  -5.0801
  -5.0801
  -5.0801
  -5.0801
  -5.0801
  -5.0801
  -5.0801
  -5.0801
  -5.0801
  -5.0801
  -5.0801
  -5.0801
  -5.0801
  -5.0801
  -5.0801
  -5.0801
  -5.0801
  -5.0801
  -5.0801
  -5.0801
  -5.0801
  -5.0801
  -5.0801
  -5.0801
  -5.0801
  -5.0801
  -5.0801
  -5.0801
  -5.0801
  -5.0801
  -5.0801
  -5.0801
  -5.0801
  -5.0801
  -5.0801
  -5.0801
  -5.0801
  -5.0801
  -5.0801
  -5.0801
  -5.0801
  -5.0801
  -5.0801
  -5.0801
  -5.0801
  -5.0801
  -5.0801
  -5.0801
  -5.0801
  -5.0801
  -5.0801
  -5.0801
  -5.0801
  -5.0801
  -5.0801
  -5.0801
  -5.0801
  -5.0801
  -5.0801
  -5.0801
  -5.0801
  -5.0801
  -5.0801
  -5.0801
  -5.0801
  -5.0801
  -5.0801
  -5.0801
  -5.0801
  -5.0801
  -5.0801
  -5.0801
  -5.0801
  -5.0801
  -5.0801
  -5.0801
  -5.0801
  -5.0801
  -5.0801
  -5.0801
  -5.0801
  -5.0801
  -5.0801
  -5.0801
  -5.0801
  -5.0801
  -5.0801
  -5.0801
  -5.0801
  -5.0801
  -5.0801
  -5.0801
  -5.0801
  -5.0801
  -5.0801
