   0.0099
   0.0198
   0.0297
   0.0396
   0.0495
   0.0594
   0.0693
   0.0792
   0.0891
   0.0990
   0.1089
   0.1188
   0.1287
   0.1386
   0.1485
   0.1584
   0.1683
   0.1782
   0.1881
   0.1980
   0.2079
   0.2178
   0.2277
   0.2376
   0.2475
   0.2574
   0.2673
   0.2772
   0.2871
   0.2970
   0.3069
   0.3168
   0.3267
   0.3366
   0.3465
   0.3564
   0.3663
   0.3762
   0.3861
   0.3960
   0.4059
   0.4158
   0.4257
   0.4356
   0.4455
   0.4554
   0.4653
   0.4752
   0.4851
   0.4950
   0.5050
   0.5149
   0.5248
   0.5347
   0.5446
   0.5545
   0.5644
   0.5743
   0.5842
   0.5941
   0.6040
   0.6139
   0.6238
   0.6337
   0.6436
   0.6535
   0.6634
   0.6733
   0.6832
   0.6931
   0.7030
   0.7129
   0.7228
   0.7327
   0.7426
   0.7525
   0.7624
   0.7723
   0.7822
   0.7921
   0.8020
   0.8119
   0.8218
   0.8317
   0.8416
   0.8515
   0.8614
   0.8713
   0.8812
   0.8911
   0.9010
   0.9109
   0.9208
   0.9307
   0.9406
   0.9505
   0.9604
   0.9703
   0.9802
   0.9901
   
   0.0843
   0.1597
   0.2271
   0.2872
   0.3407
   0.3882
   0.4303
   0.4675
   0.5003
   0.5290
   0.5541
   0.5759
   0.5947
   0.6109
   0.6245
   0.6360
   0.6454
   0.6530
   0.6589
   0.6634
   0.6665
   0.6684
   0.6692
   0.6689
   0.6678
   0.6658
   0.6631
   0.6597
   0.6557
   0.6512
   0.6461
   0.6406
   0.6347
   0.6284
   0.6217
   0.6148
   0.6075
   0.6001
   0.5924
   0.5844
   0.5763
   0.5681
   0.5597
   0.5511
   0.5424
   0.5336
   0.5247
   0.5157
   0.5066
   0.4975
   0.4883
   0.4790
   0.4696
   0.4602
   0.4508
   0.4413
   0.4318
   0.4222
   0.4126
   0.4030
   0.3934
   0.3837
   0.3740
   0.3643
   0.3546
   0.3448
   0.3351
   0.3253
   0.3155
   0.3057
   0.2959
   0.2861
   0.2763
   0.2665
   0.2567
   0.2468
   0.2370
   0.2271
   0.2173
   0.2074
   0.1976
   0.1877
   0.1778
   0.1680
   0.1581
   0.1482
   0.1384
   0.1285
   0.1186
   0.1087
   0.0988
   0.0890
   0.0791
   0.0692
   0.0593
   0.0494
   0.0395
   0.0297
   0.0198
   0.0099
   
  -3.0880
  -3.0880
  -3.0880
  -3.0880
  -3.0880
  -3.0880
  -3.0880
  -3.0880
  -3.0880
  -3.0880
  -3.0880
  -3.0880
  -3.0880
  -3.0880
  -3.0880
  -3.0880
  -3.0880
  -3.0880
  -3.0880
  -3.0880
  -3.0880
  -3.0880
  -3.0880
  -3.0880
  -3.0880
  -3.0880
  -3.0880
  -3.0880
  -3.0880
  -3.0880
  -3.0880
  -3.0880
  -3.0880
  -3.0880
  -3.0880
  -3.0880
  -3.0880
  -3.0880
  -3.0880
  -3.0880
  -3.0880
  -3.0880
  -3.0880
  -3.0880
  -3.0880
  -3.0880
  -3.0880
  -3.0880
  -3.0880
  -3.0880
  -3.0880
  -3.0880
  -3.0880
  -3.0880
  -3.0880
  -3.0880
  -3.0880
  -3.0880
  -3.0880
  -3.0880
  -3.0880
  -3.0880
  -3.0880
  -3.0880
  -3.0880
  -3.0880
  -3.0880
  -3.0880
  -3.0880
  -3.0880
  -3.0880
  -3.0880
  -3.0880
  -3.0880
  -3.0880
  -3.0880
  -3.0880
  -3.0880
  -3.0880
  -3.0880
  -3.0880
  -3.0880
  -3.0880
  -3.0880
  -3.0880
  -3.0880
  -3.0880
  -3.0880
  -3.0880
  -3.0880
  -3.0880
  -3.0880
  -3.0880
  -3.0880
  -3.0880
  -3.0880
  -3.0880
  -3.0880
  -3.0880
  -3.0880
