T       E           M           C_V         X         Accepted configs/Mccycles
2    -1.74548    0.911252    0.722977    0.38546    0.0807203
2.02105    -1.72975    0.903931    0.764738    0.455901    0.0845683
2.04211    -1.71315    0.89589    0.812605    0.543022    0.0903403
2.06316    -1.69561    0.88702    0.863986    0.656337    0.096492
2.08421    -1.67702    0.877179    0.919215    0.799262    0.103062
2.10526    -1.65688    0.865711    0.975238    1.04825    0.112545
2.12632    -1.63551    0.852817    1.04728    1.30927    0.117901
2.14737    -1.61239    0.837332    1.13617    1.79587    0.12625
2.16842    -1.58754    0.819184    1.24536    2.59464    0.135293
2.18947    -1.56051    0.797345    1.35597    3.77308    0.145198
2.21053    -1.53133    0.770525    1.47364    5.67559    0.159217
2.23158    -1.49564    0.722683    1.77612    16.7066    0.16917
2.25263    -1.45745    0.664123    2.02255    29.6413    0.183425
2.27368    -1.41321    0.5742    2.22315    50.7325    0.200009
2.29474    -1.3654    0.455748    2.15973    65.7102    0.218066
2.31579    -1.32547    0.373108    1.8832    59.3679    0.238117
2.33684    -1.28927    0.299874    1.63174    49.2675    0.247511
2.35789    -1.25668    0.233748    1.36902    36.5387    0.260377
2.37895    -1.22945    0.193898    1.2293    27.6657    0.271355
2.4    -1.20392    0.167134    1.12602    21.3159    0.281772
