0   0        0      0
0.00990099    0.0843855       0.0843657       -3.62994
0.019802    0.159884       0.159845       -3.61063
0.029703    0.227335       0.227276       -3.59234
0.039604    0.287494       0.287418       -3.57499
0.049505    0.341051       0.340957       -3.55851
0.0594059    0.388626       0.388515       -3.54284
0.0693069    0.430785       0.430657       -3.52793
0.0792079    0.468037       0.467894       -3.51372
0.0891089    0.500845       0.500686       -3.50017
0.0990099    0.529627       0.529455       -3.48724
0.108911    0.554764       0.554578       -3.4749
0.118812    0.576598       0.576399       -3.4631
0.128713    0.595441       0.595231       -3.45183
0.138614    0.611575       0.611353       -3.44105
0.148515    0.625255       0.625023       -3.43074
0.158416    0.636713       0.636471       -3.42086
0.168317    0.646157       0.645906       -3.41141
0.178218    0.653778       0.653519       -3.40236
0.188119    0.659747       0.659481       -3.39368
0.19802    0.664221       0.663947       -3.38537
0.207921    0.667339       0.667059       -3.3774
0.217822    0.66923       0.668945       -3.36976
0.227723    0.67001       0.669719       -3.36243
0.237624    0.669783       0.669488       -3.35541
0.247525    0.668644       0.668344       -3.34866
0.257426    0.666679       0.666376       -3.34219
0.267327    0.663965       0.663659       -3.33597
0.277228    0.660574       0.660265       -3.33001
0.287129    0.656569       0.656258       -3.32428
0.29703    0.652009       0.651696       -3.31878
0.306931    0.646944       0.64663       -3.31349
0.316832    0.641423       0.641108       -3.30841
0.326733    0.63549       0.635174       -3.30353
0.336634    0.629182       0.628866       -3.29884
0.346535    0.622535       0.622219       -3.29433
0.356436    0.615581       0.615265       -3.28999
0.366337    0.608349       0.608034       -3.28581
0.376238    0.600865       0.600551       -3.28179
0.386139    0.593153       0.59284       -3.27793
0.39604    0.585234       0.584923       -3.2742
0.405941    0.577128       0.576819       -3.27061
0.415842    0.568852       0.568545       -3.26716
0.425743    0.560423       0.560118       -3.26383
0.435644    0.551855       0.551552       -3.26062
0.445545    0.543161       0.542861       -3.25752
0.455446    0.534352       0.534055       -3.25453
0.465347    0.52544       0.525146       -3.25164
0.475248    0.516435       0.516144       -3.24886
0.485149    0.507344       0.507057       -3.24617
0.49505    0.498177       0.497893       -3.24356
0.50495    0.48894       0.48866       -3.24105
0.514851    0.479641       0.479364       -3.23861
0.524752    0.470284       0.470011       -3.23626
0.534653    0.460875       0.460606       -3.23397
0.544554    0.451419       0.451155       -3.23176
0.554455    0.441921       0.441661       -3.22961
0.564356    0.432385       0.432129       -3.22753
0.574257    0.422814       0.422562       -3.22551
0.584158    0.413211       0.412964       -3.22354
0.594059    0.403579       0.403337       -3.22163
0.60396    0.393922       0.393685       -3.21977
0.613861    0.384241       0.384009       -3.21795
0.623762    0.374539       0.374311       -3.21619
0.633663    0.364818       0.364595       -3.21446
0.643564    0.355079       0.354861       -3.21278
0.653465    0.345324       0.345112       -3.21113
0.663366    0.335555       0.335348       -3.20952
0.673267    0.325774       0.325572       -3.20794
0.683168    0.31598       0.315784       -3.2064
0.693069    0.306176       0.305985       -3.20488
0.70297    0.296362       0.296176       -3.20339
0.712871    0.286539       0.286359       -3.20192
0.722772    0.276709       0.276534       -3.20047
0.732673    0.266871       0.266702       -3.19904
0.742574    0.257027       0.256864       -3.19763
0.752475    0.247177       0.247019       -3.19623
0.762376    0.237321       0.23717       -3.19484
0.772277    0.227461       0.227315       -3.19347
0.782178    0.217596       0.217456       -3.1921
0.792079    0.207727       0.207594       -3.19074
0.80198    0.197855       0.197727       -3.18938
0.811881    0.18798       0.187858       -3.18801
0.821782    0.178101       0.177985       -3.18665
0.831683    0.16822       0.16811       -3.18527
0.841584    0.158336       0.158233       -3.18388
0.851485    0.14845       0.148353       -3.18248
0.861386    0.138563       0.138471       -3.18106
0.871287    0.128673       0.128588       -3.17961
0.881188    0.118782       0.118703       -3.17813
0.891089    0.108889       0.108816       -3.17662
0.90099    0.0989947       0.0989286       -3.17506
0.910891    0.0890993       0.0890396       -3.17344
0.920792    0.0792028       0.0791495       -3.17177
0.930693    0.0693052       0.0692584       -3.17001
0.940594    0.0594067       0.0593664       -3.16818
0.950495    0.0495074       0.0494736       -3.16626
0.960396    0.0396072       0.0395801       -3.16426
0.970297    0.0297064       0.0296859       -3.16225
0.980198    0.0198048       0.0197911       -3.16054
0.990099    0.00990265       0.00989582       -3.16057
1   0        0      0
