0   0        0      0
0.000999001    0.00894223       0.00894132       -3.99083
0.001998    0.0177856       0.0177838       -3.99034
0.002997    0.0265312       0.0265285       -3.98985
0.003996    0.0351799       0.0351763       -3.98936
0.004995    0.0437328       0.0437283       -3.98887
0.00599401    0.0521906       0.0521853       -3.98838
0.00699301    0.0605545       0.0605483       -3.98789
0.00799201    0.0688253       0.0688182       -3.9874
0.00899101    0.077004       0.076996       -3.98692
0.00999001    0.0850914       0.0850826       -3.98643
0.010989    0.0930885       0.0930789       -3.98595
0.011988    0.100996       0.100986       -3.98547
0.012987    0.108815       0.108804       -3.98499
0.013986    0.116547       0.116535       -3.98451
0.014985    0.124192       0.124179       -3.98403
0.015984    0.13175       0.131737       -3.98355
0.016983    0.139224       0.13921       -3.98307
0.017982    0.146614       0.146598       -3.9826
0.018981    0.15392       0.153904       -3.98212
0.01998    0.161143       0.161127       -3.98165
0.020979    0.168285       0.168268       -3.98117
0.021978    0.175346       0.175328       -3.9807
0.022977    0.182327       0.182308       -3.98023
0.023976    0.189228       0.189209       -3.97976
0.024975    0.196051       0.196031       -3.97929
0.025974    0.202797       0.202775       -3.97883
0.026973    0.209465       0.209443       -3.97836
0.027972    0.216057       0.216034       -3.97789
0.028971    0.222573       0.22255       -3.97743
0.02997    0.229015       0.228991       -3.97697
0.030969    0.235383       0.235358       -3.9765
0.031968    0.241678       0.241652       -3.97604
0.032967    0.2479       0.247874       -3.97558
0.033966    0.25405       0.254023       -3.97512
0.034965    0.26013       0.260102       -3.97466
0.035964    0.266139       0.26611       -3.97421
0.036963    0.272078       0.272049       -3.97375
0.037962    0.277948       0.277919       -3.97329
0.038961    0.28375       0.28372       -3.97284
0.03996    0.289485       0.289454       -3.97239
0.040959    0.295152       0.295121       -3.97193
0.041958    0.300753       0.300721       -3.97148
0.042957    0.306289       0.306256       -3.97103
0.043956    0.31176       0.311726       -3.97059
0.044955    0.317166       0.317132       -3.97014
0.045954    0.322509       0.322474       -3.96969
0.046953    0.327788       0.327753       -3.96924
0.047952    0.333006       0.33297       -3.9688
0.048951    0.338161       0.338125       -3.96836
0.04995    0.343255       0.343219       -3.96791
0.0509491    0.348289       0.348252       -3.96747
0.0519481    0.353263       0.353225       -3.96703
0.0529471    0.358177       0.358139       -3.96659
0.0539461    0.363033       0.362994       -3.96615
0.0549451    0.36783       0.367791       -3.96572
0.0559441    0.37257       0.37253       -3.96528
0.0569431    0.377253       0.377212       -3.96484
0.0579421    0.381879       0.381838       -3.96441
0.0589411    0.386449       0.386408       -3.96398
0.0599401    0.390964       0.390922       -3.96354
0.0609391    0.395425       0.395382       -3.96311
0.0619381    0.399831       0.399787       -3.96268
0.0629371    0.404183       0.404139       -3.96225
0.0639361    0.408482       0.408437       -3.96183
0.0649351    0.412728       0.412683       -3.9614
0.0659341    0.416922       0.416877       -3.96097
0.0669331    0.421065       0.421019       -3.96055
0.0679321    0.425156       0.42511       -3.96012
0.0689311    0.429197       0.42915       -3.9597
0.0699301    0.433188       0.43314       -3.95928
0.0709291    0.437129       0.437081       -3.95886
0.0719281    0.441021       0.440973       -3.95844
0.0729271    0.444865       0.444816       -3.95802
0.0739261    0.44866       0.448611       -3.9576
0.0749251    0.452408       0.452358       -3.95719
0.0759241    0.456108       0.456058       -3.95677
0.0769231    0.459762       0.459711       -3.95636
0.0779221    0.463369       0.463318       -3.95594
0.0789211    0.466931       0.466879       -3.95553
0.0799201    0.470447       0.470395       -3.95512
0.0809191    0.473919       0.473866       -3.95471
0.0819181    0.477346       0.477293       -3.9543
0.0829171    0.480729       0.480676       -3.95389
0.0839161    0.484069       0.484015       -3.95348
0.0849151    0.487365       0.487311       -3.95308
0.0859141    0.490619       0.490564       -3.95267
0.0869131    0.49383       0.493775       -3.95227
0.0879121    0.497       0.496944       -3.95186
0.0889111    0.500128       0.500072       -3.95146
0.0899101    0.503215       0.503159       -3.95106
0.0909091    0.506261       0.506205       -3.95066
0.0919081    0.509268       0.509211       -3.95026
0.0929071    0.512234       0.512177       -3.94986
0.0939061    0.515161       0.515103       -3.94947
0.0949051    0.518049       0.517991       -3.94907
0.0959041    0.520899       0.52084       -3.94868
0.0969031    0.52371       0.523651       -3.94828
0.0979021    0.526483       0.526424       -3.94789
0.0989011    0.529219       0.529159       -3.9475
0.0999001    0.531917       0.531857       -3.94711
0.100899    0.534579       0.534519       -3.94672
0.101898    0.537205       0.537144       -3.94633
0.102897    0.539794       0.539733       -3.94594
0.103896    0.542348       0.542287       -3.94556
0.104895    0.544866       0.544805       -3.94517
0.105894    0.54735       0.547288       -3.94479
0.106893    0.549799       0.549736       -3.9444
0.107892    0.552213       0.552151       -3.94402
0.108891    0.554594       0.554531       -3.94364
0.10989    0.556941       0.556878       -3.94326
0.110889    0.559255       0.559191       -3.94288
0.111888    0.561536       0.561472       -3.9425
0.112887    0.563784       0.56372       -3.94212
0.113886    0.566       0.565936       -3.94174
0.114885    0.568184       0.568119       -3.94137
0.115884    0.570337       0.570271       -3.941
0.116883    0.572458       0.572392       -3.94062
0.117882    0.574548       0.574482       -3.94025
0.118881    0.576607       0.576541       -3.93988
0.11988    0.578636       0.57857       -3.93951
0.120879    0.580635       0.580568       -3.93914
0.121878    0.582604       0.582537       -3.93877
0.122877    0.584544       0.584476       -3.9384
0.123876    0.586454       0.586387       -3.93804
0.124875    0.588336       0.588268       -3.93767
0.125874    0.590188       0.59012       -3.93731
0.126873    0.592013       0.591944       -3.93694
0.127872    0.593809       0.593741       -3.93658
0.128871    0.595578       0.595509       -3.93622
0.12987    0.597319       0.59725       -3.93586
0.130869    0.599033       0.598963       -3.9355
0.131868    0.60072       0.60065       -3.93514
0.132867    0.60238       0.60231       -3.93478
0.133866    0.604014       0.603944       -3.93443
0.134865    0.605621       0.605551       -3.93407
0.135864    0.607203       0.607132       -3.93372
0.136863    0.608759       0.608688       -3.93336
0.137862    0.61029       0.610218       -3.93301
0.138861    0.611795       0.611724       -3.93266
0.13986    0.613276       0.613204       -3.93231
0.140859    0.614732       0.61466       -3.93196
0.141858    0.616163       0.616091       -3.93161
0.142857    0.617571       0.617498       -3.93126
0.143856    0.618954       0.618882       -3.93092
0.144855    0.620314       0.620241       -3.93057
0.145854    0.62165       0.621577       -3.93023
0.146853    0.622963       0.62289       -3.92988
0.147852    0.624253       0.62418       -3.92954
0.148851    0.625521       0.625447       -3.9292
0.14985    0.626766       0.626692       -3.92886
0.150849    0.627988       0.627914       -3.92852
0.151848    0.629189       0.629114       -3.92818
0.152847    0.630367       0.630293       -3.92784
0.153846    0.631524       0.63145       -3.92751
0.154845    0.63266       0.632585       -3.92717
0.155844    0.633774       0.633699       -3.92684
0.156843    0.634867       0.634792       -3.9265
0.157842    0.63594       0.635865       -3.92617
0.158841    0.636992       0.636916       -3.92584
0.15984    0.638023       0.637948       -3.92551
0.160839    0.639035       0.638959       -3.92518
0.161838    0.640026       0.63995       -3.92485
0.162837    0.640998       0.640921       -3.92452
0.163836    0.64195       0.641873       -3.92419
0.164835    0.642882       0.642806       -3.92387
0.165834    0.643796       0.643719       -3.92354
0.166833    0.64469       0.644613       -3.92322
0.167832    0.645566       0.645488       -3.92289
0.168831    0.646422       0.646345       -3.92257
0.16983    0.647261       0.647184       -3.92225
0.170829    0.648081       0.648004       -3.92193
0.171828    0.648883       0.648806       -3.92161
0.172827    0.649667       0.64959       -3.92129
0.173826    0.650434       0.650356       -3.92097
0.174825    0.651183       0.651105       -3.92066
0.175824    0.651914       0.651836       -3.92034
0.176823    0.652629       0.65255       -3.92003
0.177822    0.653326       0.653248       -3.91971
0.178821    0.654007       0.653928       -3.9194
0.17982    0.65467       0.654592       -3.91909
0.180819    0.655318       0.655239       -3.91878
0.181818    0.655949       0.655869       -3.91847
0.182817    0.656563       0.656484       -3.91816
0.183816    0.657162       0.657083       -3.91785
0.184815    0.657745       0.657665       -3.91754
0.185814    0.658312       0.658232       -3.91723
0.186813    0.658863       0.658783       -3.91693
0.187812    0.659399       0.659319       -3.91662
0.188811    0.65992       0.65984       -3.91632
0.18981    0.660426       0.660346       -3.91602
0.190809    0.660917       0.660836       -3.91572
0.191808    0.661392       0.661312       -3.91541
0.192807    0.661854       0.661773       -3.91511
0.193806    0.6623       0.66222       -3.91482
0.194805    0.662733       0.662652       -3.91452
0.195804    0.663151       0.66307       -3.91422
0.196803    0.663555       0.663474       -3.91392
0.197802    0.663945       0.663864       -3.91363
0.198801    0.664321       0.66424       -3.91333
0.1998    0.664684       0.664603       -3.91304
0.200799    0.665033       0.664952       -3.91275
0.201798    0.665369       0.665288       -3.91245
0.202797    0.665691       0.66561       -3.91216
0.203796    0.666001       0.665919       -3.91187
0.204795    0.666297       0.666215       -3.91158
0.205794    0.66658       0.666499       -3.9113
0.206793    0.666851       0.666769       -3.91101
0.207792    0.667109       0.667027       -3.91072
0.208791    0.667355       0.667273       -3.91044
0.20979    0.667588       0.667506       -3.91015
0.210789    0.667809       0.667727       -3.90987
0.211788    0.668018       0.667935       -3.90958
0.212787    0.668214       0.668132       -3.9093
0.213786    0.668399       0.668317       -3.90902
0.214785    0.668572       0.66849       -3.90874
0.215784    0.668734       0.668651       -3.90846
0.216783    0.668884       0.668801       -3.90818
0.217782    0.669022       0.66894       -3.9079
0.218781    0.66915       0.669067       -3.90762
0.21978    0.669266       0.669183       -3.90735
0.220779    0.669371       0.669288       -3.90707
0.221778    0.669465       0.669382       -3.9068
0.222777    0.669548       0.669465       -3.90653
0.223776    0.66962       0.669537       -3.90625
0.224775    0.669682       0.669599       -3.90598
0.225774    0.669733       0.66965       -3.90571
0.226773    0.669774       0.66969       -3.90544
0.227772    0.669804       0.669721       -3.90517
0.228771    0.669824       0.669741       -3.9049
0.22977    0.669834       0.669751       -3.90463
0.230769    0.669834       0.669751       -3.90437
0.231768    0.669824       0.669741       -3.9041
0.232767    0.669804       0.669721       -3.90383
0.233766    0.669775       0.669691       -3.90357
0.234765    0.669736       0.669652       -3.90331
0.235764    0.669687       0.669603       -3.90304
0.236763    0.669629       0.669545       -3.90278
0.237762    0.669561       0.669478       -3.90252
0.238761    0.669485       0.669401       -3.90226
0.23976    0.669399       0.669315       -3.902
0.240759    0.669304       0.66922       -3.90174
0.241758    0.6692       0.669116       -3.90149
0.242757    0.669087       0.669003       -3.90123
0.243756    0.668965       0.668881       -3.90097
0.244755    0.668835       0.668751       -3.90072
0.245754    0.668696       0.668612       -3.90046
0.246753    0.668548       0.668464       -3.90021
0.247752    0.668392       0.668308       -3.89996
0.248751    0.668228       0.668144       -3.8997
0.24975    0.668055       0.667971       -3.89945
0.250749    0.667874       0.66779       -3.8992
0.251748    0.667685       0.667601       -3.89895
0.252747    0.667488       0.667404       -3.8987
0.253746    0.667283       0.667198       -3.89845
0.254745    0.66707       0.666985       -3.89821
0.255744    0.666849       0.666765       -3.89796
0.256743    0.66662       0.666536       -3.89772
0.257742    0.666384       0.6663       -3.89747
0.258741    0.66614       0.666056       -3.89723
0.25974    0.665889       0.665805       -3.89698
0.260739    0.66563       0.665546       -3.89674
0.261738    0.665364       0.66528       -3.8965
0.262737    0.665091       0.665007       -3.89626
0.263736    0.66481       0.664726       -3.89602
0.264735    0.664523       0.664438       -3.89578
0.265734    0.664228       0.664143       -3.89554
0.266733    0.663926       0.663842       -3.8953
0.267732    0.663617       0.663533       -3.89506
0.268731    0.663302       0.663217       -3.89483
0.26973    0.662979       0.662895       -3.89459
0.270729    0.66265       0.662566       -3.89436
0.271728    0.662315       0.66223       -3.89412
0.272727    0.661972       0.661888       -3.89389
0.273726    0.661623       0.661539       -3.89366
0.274725    0.661268       0.661183       -3.89342
0.275724    0.660906       0.660822       -3.89319
0.276723    0.660538       0.660454       -3.89296
0.277722    0.660164       0.660079       -3.89273
0.278721    0.659783       0.659699       -3.8925
0.27972    0.659397       0.659312       -3.89228
0.280719    0.659004       0.658919       -3.89205
0.281718    0.658605       0.65852       -3.89182
0.282717    0.6582       0.658116       -3.8916
0.283716    0.657789       0.657705       -3.89137
0.284715    0.657373       0.657288       -3.89115
0.285714    0.656951       0.656866       -3.89092
0.286713    0.656522       0.656438       -3.8907
0.287712    0.656089       0.656004       -3.89048
0.288711    0.655649       0.655565       -3.89026
0.28971    0.655204       0.65512       -3.89003
0.290709    0.654754       0.65467       -3.88981
0.291708    0.654298       0.654214       -3.88959
0.292707    0.653837       0.653752       -3.88938
0.293706    0.65337       0.653286       -3.88916
0.294705    0.652898       0.652814       -3.88894
0.295704    0.652421       0.652337       -3.88872
0.296703    0.651939       0.651854       -3.88851
0.297702    0.651451       0.651367       -3.88829
0.298701    0.650959       0.650874       -3.88808
0.2997    0.650461       0.650377       -3.88787
0.300699    0.649958       0.649874       -3.88765
0.301698    0.649451       0.649367       -3.88744
0.302697    0.648938       0.648854       -3.88723
0.303696    0.648421       0.648337       -3.88702
0.304695    0.647899       0.647815       -3.88681
0.305694    0.647372       0.647288       -3.8866
0.306693    0.646841       0.646757       -3.88639
0.307692    0.646305       0.646221       -3.88618
0.308691    0.645764       0.64568       -3.88597
0.30969    0.645219       0.645135       -3.88577
0.310689    0.644669       0.644585       -3.88556
0.311688    0.644115       0.644031       -3.88535
0.312687    0.643556       0.643472       -3.88515
0.313686    0.642993       0.642909       -3.88495
0.314685    0.642426       0.642342       -3.88474
0.315684    0.641854       0.64177       -3.88454
0.316683    0.641278       0.641194       -3.88434
0.317682    0.640698       0.640614       -3.88414
0.318681    0.640113       0.64003       -3.88393
0.31968    0.639525       0.639441       -3.88373
0.320679    0.638933       0.638849       -3.88353
0.321678    0.638336       0.638252       -3.88334
0.322677    0.637735       0.637652       -3.88314
0.323676    0.637131       0.637048       -3.88294
0.324675    0.636522       0.636439       -3.88274
0.325674    0.63591       0.635827       -3.88255
0.326673    0.635294       0.635211       -3.88235
0.327672    0.634674       0.634591       -3.88216
0.328671    0.63405       0.633967       -3.88196
0.32967    0.633423       0.63334       -3.88177
0.330669    0.632792       0.632709       -3.88158
0.331668    0.632157       0.632074       -3.88138
0.332667    0.631518       0.631435       -3.88119
0.333666    0.630876       0.630793       -3.881
0.334665    0.630231       0.630148       -3.88081
0.335664    0.629582       0.629499       -3.88062
0.336663    0.628929       0.628846       -3.88043
0.337662    0.628273       0.62819       -3.88024
0.338661    0.627614       0.627531       -3.88005
0.33966    0.626951       0.626868       -3.87987
0.340659    0.626285       0.626202       -3.87968
0.341658    0.625615       0.625533       -3.87949
0.342657    0.624943       0.62486       -3.87931
0.343656    0.624267       0.624184       -3.87912
0.344655    0.623587       0.623505       -3.87894
0.345654    0.622905       0.622823       -3.87876
0.346653    0.62222       0.622137       -3.87857
0.347652    0.621531       0.621449       -3.87839
0.348651    0.620839       0.620757       -3.87821
0.34965    0.620144       0.620062       -3.87803
0.350649    0.619447       0.619365       -3.87785
0.351648    0.618746       0.618664       -3.87767
0.352647    0.618042       0.61796       -3.87749
0.353646    0.617335       0.617254       -3.87731
0.354645    0.616626       0.616544       -3.87713
0.355644    0.615913       0.615832       -3.87695
0.356643    0.615198       0.615116       -3.87677
0.357642    0.61448       0.614398       -3.8766
0.358641    0.613759       0.613677       -3.87642
0.35964    0.613035       0.612954       -3.87625
0.360639    0.612309       0.612227       -3.87607
0.361638    0.61158       0.611498       -3.8759
0.362637    0.610848       0.610767       -3.87572
0.363636    0.610113       0.610032       -3.87555
0.364635    0.609376       0.609295       -3.87538
0.365634    0.608637       0.608555       -3.87521
0.366633    0.607894       0.607813       -3.87503
0.367632    0.607149       0.607068       -3.87486
0.368631    0.606402       0.606321       -3.87469
0.36963    0.605652       0.605571       -3.87452
0.370629    0.6049       0.604819       -3.87435
0.371628    0.604145       0.604064       -3.87419
0.372627    0.603388       0.603307       -3.87402
0.373626    0.602628       0.602548       -3.87385
0.374625    0.601866       0.601786       -3.87368
0.375624    0.601102       0.601021       -3.87352
0.376623    0.600335       0.600255       -3.87335
0.377622    0.599566       0.599486       -3.87319
0.378621    0.598795       0.598714       -3.87302
0.37962    0.598021       0.597941       -3.87286
0.380619    0.597245       0.597165       -3.87269
0.381618    0.596467       0.596387       -3.87253
0.382617    0.595687       0.595607       -3.87237
0.383616    0.594905       0.594825       -3.87221
0.384615    0.59412       0.59404       -3.87204
0.385614    0.593333       0.593254       -3.87188
0.386613    0.592545       0.592465       -3.87172
0.387612    0.591754       0.591674       -3.87156
0.388611    0.590961       0.590881       -3.8714
0.38961    0.590166       0.590086       -3.87124
0.390609    0.589369       0.589289       -3.87109
0.391608    0.58857       0.58849       -3.87093
0.392607    0.587769       0.587689       -3.87077
0.393606    0.586966       0.586887       -3.87061
0.394605    0.586161       0.586082       -3.87046
0.395604    0.585354       0.585275       -3.8703
0.396603    0.584545       0.584466       -3.87015
0.397602    0.583734       0.583656       -3.86999
0.398601    0.582922       0.582843       -3.86984
0.3996    0.582107       0.582029       -3.86968
0.400599    0.581291       0.581213       -3.86953
0.401598    0.580473       0.580395       -3.86938
0.402597    0.579653       0.579575       -3.86922
0.403596    0.578832       0.578753       -3.86907
0.404595    0.578008       0.57793       -3.86892
0.405594    0.577183       0.577105       -3.86877
0.406593    0.576356       0.576278       -3.86862
0.407592    0.575527       0.57545       -3.86847
0.408591    0.574697       0.574619       -3.86832
0.40959    0.573865       0.573787       -3.86817
0.410589    0.573032       0.572954       -3.86802
0.411588    0.572196       0.572119       -3.86788
0.412587    0.571359       0.571282       -3.86773
0.413586    0.570521       0.570444       -3.86758
0.414585    0.569681       0.569603       -3.86744
0.415584    0.568839       0.568762       -3.86729
0.416583    0.567996       0.567919       -3.86714
0.417582    0.567151       0.567074       -3.867
0.418581    0.566305       0.566228       -3.86685
0.41958    0.565457       0.56538       -3.86671
0.420579    0.564607       0.564531       -3.86657
0.421578    0.563757       0.56368       -3.86642
0.422577    0.562904       0.562828       -3.86628
0.423576    0.562051       0.561974       -3.86614
0.424575    0.561195       0.561119       -3.866
0.425574    0.560339       0.560262       -3.86585
0.426573    0.559481       0.559404       -3.86571
0.427572    0.558621       0.558545       -3.86557
0.428571    0.55776       0.557684       -3.86543
0.42957    0.556898       0.556822       -3.86529
0.430569    0.556034       0.555959       -3.86515
0.431568    0.55517       0.555094       -3.86502
0.432567    0.554303       0.554228       -3.86488
0.433566    0.553436       0.55336       -3.86474
0.434565    0.552567       0.552491       -3.8646
0.435564    0.551697       0.551621       -3.86447
0.436563    0.550825       0.55075       -3.86433
0.437562    0.549952       0.549877       -3.86419
0.438561    0.549078       0.549003       -3.86406
0.43956    0.548203       0.548128       -3.86392
0.440559    0.547327       0.547252       -3.86379
0.441558    0.546449       0.546374       -3.86365
0.442557    0.54557       0.545495       -3.86352
0.443556    0.54469       0.544615       -3.86339
0.444555    0.543809       0.543734       -3.86325
0.445554    0.542926       0.542852       -3.86312
0.446553    0.542043       0.541968       -3.86299
0.447552    0.541158       0.541084       -3.86286
0.448551    0.540272       0.540198       -3.86273
0.44955    0.539385       0.539311       -3.86259
0.450549    0.538497       0.538423       -3.86246
0.451548    0.537608       0.537534       -3.86233
0.452547    0.536717       0.536644       -3.8622
0.453546    0.535826       0.535752       -3.86208
0.454545    0.534933       0.53486       -3.86195
0.455544    0.53404       0.533966       -3.86182
0.456543    0.533145       0.533072       -3.86169
0.457542    0.53225       0.532176       -3.86156
0.458541    0.531353       0.53128       -3.86143
0.45954    0.530455       0.530382       -3.86131
0.460539    0.529557       0.529484       -3.86118
0.461538    0.528657       0.528584       -3.86106
0.462537    0.527756       0.527684       -3.86093
0.463536    0.526855       0.526782       -3.8608
0.464535    0.525952       0.52588       -3.86068
0.465534    0.525048       0.524976       -3.86055
0.466533    0.524144       0.524072       -3.86043
0.467532    0.523238       0.523166       -3.86031
0.468531    0.522332       0.52226       -3.86018
0.46953    0.521425       0.521353       -3.86006
0.470529    0.520516       0.520445       -3.85994
0.471528    0.519607       0.519536       -3.85982
0.472527    0.518697       0.518626       -3.85969
0.473526    0.517786       0.517715       -3.85957
0.474525    0.516875       0.516803       -3.85945
0.475524    0.515962       0.515891       -3.85933
0.476523    0.515048       0.514977       -3.85921
0.477522    0.514134       0.514063       -3.85909
0.478521    0.513219       0.513148       -3.85897
0.47952    0.512303       0.512232       -3.85885
0.480519    0.511386       0.511315       -3.85873
0.481518    0.510468       0.510398       -3.85861
0.482517    0.50955       0.509479       -3.8585
0.483516    0.508631       0.50856       -3.85838
0.484515    0.50771       0.50764       -3.85826
0.485514    0.50679       0.506719       -3.85814
0.486513    0.505868       0.505798       -3.85803
0.487512    0.504946       0.504876       -3.85791
0.488511    0.504022       0.503952       -3.85779
0.48951    0.503098       0.503029       -3.85768
0.490509    0.502174       0.502104       -3.85756
0.491508    0.501248       0.501179       -3.85745
0.492507    0.500322       0.500253       -3.85733
0.493506    0.499395       0.499326       -3.85722
0.494505    0.498468       0.498398       -3.85711
0.495504    0.497539       0.49747       -3.85699
0.496503    0.49661       0.496541       -3.85688
0.497502    0.495681       0.495612       -3.85677
0.498501    0.49475       0.494681       -3.85665
0.4995    0.493819       0.49375       -3.85654
0.5005    0.492887       0.492819       -3.85643
0.501499    0.491955       0.491887       -3.85632
0.502498    0.491022       0.490954       -3.85621
0.503497    0.490088       0.49002       -3.85609
0.504496    0.489154       0.489086       -3.85598
0.505495    0.488219       0.488151       -3.85587
0.506494    0.487283       0.487215       -3.85576
0.507493    0.486347       0.486279       -3.85565
0.508492    0.48541       0.485342       -3.85555
0.509491    0.484472       0.484405       -3.85544
0.51049    0.483534       0.483467       -3.85533
0.511489    0.482595       0.482528       -3.85522
0.512488    0.481656       0.481589       -3.85511
0.513487    0.480716       0.480649       -3.855
0.514486    0.479776       0.479709       -3.8549
0.515485    0.478834       0.478768       -3.85479
0.516484    0.477893       0.477826       -3.85468
0.517483    0.47695       0.476884       -3.85458
0.518482    0.476008       0.475941       -3.85447
0.519481    0.475064       0.474998       -3.85436
0.52048    0.47412       0.474054       -3.85426
0.521479    0.473176       0.47311       -3.85415
0.522478    0.472231       0.472165       -3.85405
0.523477    0.471285       0.471219       -3.85394
0.524476    0.470339       0.470273       -3.85384
0.525475    0.469392       0.469327       -3.85373
0.526474    0.468445       0.46838       -3.85363
0.527473    0.467498       0.467432       -3.85353
0.528472    0.466549       0.466484       -3.85342
0.529471    0.465601       0.465535       -3.85332
0.53047    0.464651       0.464586       -3.85322
0.531469    0.463702       0.463637       -3.85312
0.532468    0.462752       0.462687       -3.85301
0.533467    0.461801       0.461736       -3.85291
0.534466    0.46085       0.460785       -3.85281
0.535465    0.459898       0.459834       -3.85271
0.536464    0.458946       0.458882       -3.85261
0.537463    0.457994       0.457929       -3.85251
0.538462    0.45704       0.456976       -3.85241
0.539461    0.456087       0.456023       -3.85231
0.54046    0.455133       0.455069       -3.85221
0.541459    0.454179       0.454115       -3.85211
0.542458    0.453224       0.45316       -3.85201
0.543457    0.452269       0.452205       -3.85191
0.544456    0.451313       0.451249       -3.85181
0.545455    0.450357       0.450293       -3.85171
0.546454    0.4494       0.449337       -3.85162
0.547453    0.448443       0.44838       -3.85152
0.548452    0.447486       0.447423       -3.85142
0.549451    0.446528       0.446465       -3.85132
0.55045    0.44557       0.445507       -3.85123
0.551449    0.444611       0.444548       -3.85113
0.552448    0.443652       0.44359       -3.85103
0.553447    0.442693       0.44263       -3.85094
0.554446    0.441733       0.441671       -3.85084
0.555445    0.440773       0.44071       -3.85074
0.556444    0.439812       0.43975       -3.85065
0.557443    0.438851       0.438789       -3.85055
0.558442    0.43789       0.437828       -3.85046
0.559441    0.436928       0.436866       -3.85036
0.56044    0.435966       0.435904       -3.85027
0.561439    0.435003       0.434942       -3.85018
0.562438    0.43404       0.433979       -3.85008
0.563437    0.433077       0.433016       -3.84999
0.564436    0.432114       0.432053       -3.84989
0.565435    0.43115       0.431089       -3.8498
0.566434    0.430185       0.430125       -3.84971
0.567433    0.429221       0.42916       -3.84962
0.568432    0.428256       0.428195       -3.84952
0.569431    0.427291       0.42723       -3.84943
0.57043    0.426325       0.426265       -3.84934
0.571429    0.425359       0.425299       -3.84925
0.572428    0.424393       0.424333       -3.84915
0.573427    0.423426       0.423366       -3.84906
0.574426    0.422459       0.422399       -3.84897
0.575425    0.421492       0.421432       -3.84888
0.576424    0.420524       0.420465       -3.84879
0.577423    0.419556       0.419497       -3.8487
0.578422    0.418588       0.418529       -3.84861
0.579421    0.41762       0.417561       -3.84852
0.58042    0.416651       0.416592       -3.84843
0.581419    0.415682       0.415623       -3.84834
0.582418    0.414712       0.414654       -3.84825
0.583417    0.413743       0.413684       -3.84816
0.584416    0.412773       0.412714       -3.84807
0.585415    0.411802       0.411744       -3.84799
0.586414    0.410832       0.410774       -3.8479
0.587413    0.409861       0.409803       -3.84781
0.588412    0.40889       0.408832       -3.84772
0.589411    0.407918       0.407861       -3.84763
0.59041    0.406947       0.406889       -3.84755
0.591409    0.405975       0.405917       -3.84746
0.592408    0.405003       0.404945       -3.84737
0.593407    0.40403       0.403973       -3.84728
0.594406    0.403057       0.403       -3.8472
0.595405    0.402084       0.402027       -3.84711
0.596404    0.401111       0.401054       -3.84702
0.597403    0.400137       0.400081       -3.84694
0.598402    0.399164       0.399107       -3.84685
0.599401    0.39819       0.398133       -3.84677
0.6004    0.397215       0.397159       -3.84668
0.601399    0.396241       0.396184       -3.8466
0.602398    0.395266       0.39521       -3.84651
0.603397    0.394291       0.394235       -3.84643
0.604396    0.393316       0.39326       -3.84634
0.605395    0.39234       0.392284       -3.84626
0.606394    0.391364       0.391309       -3.84617
0.607393    0.390388       0.390333       -3.84609
0.608392    0.389412       0.389357       -3.84601
0.609391    0.388436       0.38838       -3.84592
0.61039    0.387459       0.387404       -3.84584
0.611389    0.386482       0.386427       -3.84575
0.612388    0.385505       0.38545       -3.84567
0.613387    0.384528       0.384473       -3.84559
0.614386    0.38355       0.383496       -3.84551
0.615385    0.382573       0.382518       -3.84542
0.616384    0.381595       0.38154       -3.84534
0.617383    0.380617       0.380562       -3.84526
0.618382    0.379638       0.379584       -3.84518
0.619381    0.37866       0.378605       -3.84509
0.62038    0.377681       0.377627       -3.84501
0.621379    0.376702       0.376648       -3.84493
0.622378    0.375723       0.375669       -3.84485
0.623377    0.374743       0.37469       -3.84477
0.624376    0.373764       0.37371       -3.84469
0.625375    0.372784       0.372731       -3.84461
0.626374    0.371804       0.371751       -3.84453
0.627373    0.370824       0.370771       -3.84445
0.628372    0.369843       0.36979       -3.84437
0.629371    0.368863       0.36881       -3.84429
0.63037    0.367882       0.367829       -3.84421
0.631369    0.366901       0.366849       -3.84413
0.632368    0.36592       0.365868       -3.84405
0.633367    0.364939       0.364887       -3.84397
0.634366    0.363957       0.363905       -3.84389
0.635365    0.362976       0.362924       -3.84381
0.636364    0.361994       0.361942       -3.84373
0.637363    0.361012       0.36096       -3.84365
0.638362    0.36003       0.359978       -3.84357
0.639361    0.359048       0.358996       -3.84349
0.64036    0.358065       0.358014       -3.84342
0.641359    0.357083       0.357031       -3.84334
0.642358    0.3561       0.356049       -3.84326
0.643357    0.355117       0.355066       -3.84318
0.644356    0.354134       0.354083       -3.8431
0.645355    0.35315       0.3531       -3.84303
0.646354    0.352167       0.352116       -3.84295
0.647353    0.351183       0.351133       -3.84287
0.648352    0.3502       0.350149       -3.84279
0.649351    0.349216       0.349166       -3.84272
0.65035    0.348232       0.348182       -3.84264
0.651349    0.347248       0.347198       -3.84256
0.652348    0.346263       0.346213       -3.84249
0.653347    0.345279       0.345229       -3.84241
0.654346    0.344294       0.344245       -3.84233
0.655345    0.343309       0.34326       -3.84226
0.656344    0.342324       0.342275       -3.84218
0.657343    0.341339       0.34129       -3.84211
0.658342    0.340354       0.340305       -3.84203
0.659341    0.339369       0.33932       -3.84196
0.66034    0.338383       0.338335       -3.84188
0.661339    0.337398       0.337349       -3.84181
0.662338    0.336412       0.336363       -3.84173
0.663337    0.335426       0.335378       -3.84165
0.664336    0.33444       0.334392       -3.84158
0.665335    0.333454       0.333406       -3.84151
0.666334    0.332468       0.33242       -3.84143
0.667333    0.331481       0.331433       -3.84136
0.668332    0.330495       0.330447       -3.84128
0.669331    0.329508       0.329461       -3.84121
0.67033    0.328521       0.328474       -3.84113
0.671329    0.327534       0.327487       -3.84106
0.672328    0.326547       0.3265       -3.84099
0.673327    0.32556       0.325513       -3.84091
0.674326    0.324573       0.324526       -3.84084
0.675325    0.323586       0.323539       -3.84076
0.676324    0.322598       0.322552       -3.84069
0.677323    0.32161       0.321564       -3.84062
0.678322    0.320623       0.320576       -3.84054
0.679321    0.319635       0.319589       -3.84047
0.68032    0.318647       0.318601       -3.8404
0.681319    0.317659       0.317613       -3.84033
0.682318    0.316671       0.316625       -3.84025
0.683317    0.315683       0.315637       -3.84018
0.684316    0.314694       0.314649       -3.84011
0.685315    0.313706       0.31366       -3.84004
0.686314    0.312717       0.312672       -3.83996
0.687313    0.311728       0.311683       -3.83989
0.688312    0.31074       0.310695       -3.83982
0.689311    0.309751       0.309706       -3.83975
0.69031    0.308762       0.308717       -3.83968
0.691309    0.307773       0.307728       -3.8396
0.692308    0.306783       0.306739       -3.83953
0.693307    0.305794       0.30575       -3.83946
0.694306    0.304805       0.304761       -3.83939
0.695305    0.303815       0.303771       -3.83932
0.696304    0.302826       0.302782       -3.83925
0.697303    0.301836       0.301792       -3.83917
0.698302    0.300846       0.300803       -3.8391
0.699301    0.299856       0.299813       -3.83903
0.7003    0.298866       0.298823       -3.83896
0.701299    0.297876       0.297833       -3.83889
0.702298    0.296886       0.296843       -3.83882
0.703297    0.295896       0.295853       -3.83875
0.704296    0.294905       0.294863       -3.83868
0.705295    0.293915       0.293872       -3.83861
0.706294    0.292925       0.292882       -3.83854
0.707293    0.291934       0.291892       -3.83847
0.708292    0.290943       0.290901       -3.8384
0.709291    0.289953       0.289911       -3.83833
0.71029    0.288962       0.28892       -3.83826
0.711289    0.287971       0.287929       -3.83819
0.712288    0.28698       0.286938       -3.83812
0.713287    0.285989       0.285947       -3.83805
0.714286    0.284998       0.284956       -3.83798
0.715285    0.284006       0.283965       -3.83791
0.716284    0.283015       0.282974       -3.83784
0.717283    0.282024       0.281983       -3.83777
0.718282    0.281032       0.280991       -3.8377
0.719281    0.280041       0.28       -3.83763
0.72028    0.279049       0.279008       -3.83756
0.721279    0.278057       0.278017       -3.83749
0.722278    0.277066       0.277025       -3.83742
0.723277    0.276074       0.276034       -3.83735
0.724276    0.275082       0.275042       -3.83728
0.725275    0.27409       0.27405       -3.83721
0.726274    0.273098       0.273058       -3.83715
0.727273    0.272106       0.272066       -3.83708
0.728272    0.271113       0.271074       -3.83701
0.729271    0.270121       0.270082       -3.83694
0.73027    0.269129       0.26909       -3.83687
0.731269    0.268136       0.268097       -3.8368
0.732268    0.267144       0.267105       -3.83673
0.733267    0.266151       0.266113       -3.83666
0.734266    0.265159       0.26512       -3.8366
0.735265    0.264166       0.264128       -3.83653
0.736264    0.263174       0.263135       -3.83646
0.737263    0.262181       0.262143       -3.83639
0.738262    0.261188       0.26115       -3.83632
0.739261    0.260195       0.260157       -3.83625
0.74026    0.259202       0.259164       -3.83619
0.741259    0.258209       0.258171       -3.83612
0.742258    0.257216       0.257178       -3.83605
0.743257    0.256223       0.256185       -3.83598
0.744256    0.255229       0.255192       -3.83591
0.745255    0.254236       0.254199       -3.83585
0.746254    0.253243       0.253206       -3.83578
0.747253    0.25225       0.252213       -3.83571
0.748252    0.251256       0.251219       -3.83564
0.749251    0.250263       0.250226       -3.83557
0.75025    0.249269       0.249233       -3.83551
0.751249    0.248275       0.248239       -3.83544
0.752248    0.247282       0.247246       -3.83537
0.753247    0.246288       0.246252       -3.8353
0.754246    0.245294       0.245258       -3.83523
0.755245    0.2443       0.244265       -3.83517
0.756244    0.243307       0.243271       -3.8351
0.757243    0.242313       0.242277       -3.83503
0.758242    0.241319       0.241283       -3.83496
0.759241    0.240325       0.240289       -3.8349
0.76024    0.239331       0.239296       -3.83483
0.761239    0.238336       0.238302       -3.83476
0.762238    0.237342       0.237307       -3.83469
0.763237    0.236348       0.236313       -3.83463
0.764236    0.235354       0.235319       -3.83456
0.765235    0.234359       0.234325       -3.83449
0.766234    0.233365       0.233331       -3.83442
0.767233    0.232371       0.232337       -3.83436
0.768232    0.231376       0.231342       -3.83429
0.769231    0.230382       0.230348       -3.83422
0.77023    0.229387       0.229353       -3.83415
0.771229    0.228392       0.228359       -3.83409
0.772228    0.227398       0.227364       -3.83402
0.773227    0.226403       0.22637       -3.83395
0.774226    0.225408       0.225375       -3.83388
0.775225    0.224414       0.224381       -3.83382
0.776224    0.223419       0.223386       -3.83375
0.777223    0.222424       0.222391       -3.83368
0.778222    0.221429       0.221396       -3.83361
0.779221    0.220434       0.220402       -3.83355
0.78022    0.219439       0.219407       -3.83348
0.781219    0.218444       0.218412       -3.83341
0.782218    0.217449       0.217417       -3.83334
0.783217    0.216454       0.216422       -3.83327
0.784216    0.215459       0.215427       -3.83321
0.785215    0.214463       0.214432       -3.83314
0.786214    0.213468       0.213437       -3.83307
0.787213    0.212473       0.212442       -3.833
0.788212    0.211478       0.211447       -3.83294
0.789211    0.210482       0.210451       -3.83287
0.79021    0.209487       0.209456       -3.8328
0.791209    0.208491       0.208461       -3.83273
0.792208    0.207496       0.207466       -3.83267
0.793207    0.206501       0.20647       -3.8326
0.794206    0.205505       0.205475       -3.83253
0.795205    0.204509       0.204479       -3.83246
0.796204    0.203514       0.203484       -3.83239
0.797203    0.202518       0.202488       -3.83233
0.798202    0.201523       0.201493       -3.83226
0.799201    0.200527       0.200497       -3.83219
0.8002    0.199531       0.199502       -3.83212
0.801199    0.198535       0.198506       -3.83205
0.802198    0.19754       0.19751       -3.83198
0.803197    0.196544       0.196515       -3.83192
0.804196    0.195548       0.195519       -3.83185
0.805195    0.194552       0.194523       -3.83178
0.806194    0.193556       0.193527       -3.83171
0.807193    0.19256       0.192532       -3.83164
0.808192    0.191564       0.191536       -3.83157
0.809191    0.190568       0.19054       -3.8315
0.81019    0.189572       0.189544       -3.83144
0.811189    0.188576       0.188548       -3.83137
0.812188    0.18758       0.187552       -3.8313
0.813187    0.186584       0.186556       -3.83123
0.814186    0.185587       0.18556       -3.83116
0.815185    0.184591       0.184564       -3.83109
0.816184    0.183595       0.183568       -3.83102
0.817183    0.182599       0.182572       -3.83095
0.818182    0.181602       0.181576       -3.83088
0.819181    0.180606       0.180579       -3.83081
0.82018    0.17961       0.179583       -3.83074
0.821179    0.178613       0.178587       -3.83067
0.822178    0.177617       0.177591       -3.8306
0.823177    0.176621       0.176594       -3.83053
0.824176    0.175624       0.175598       -3.83046
0.825175    0.174628       0.174602       -3.83039
0.826174    0.173631       0.173605       -3.83032
0.827173    0.172635       0.172609       -3.83025
0.828172    0.171638       0.171613       -3.83018
0.829171    0.170641       0.170616       -3.83011
0.83017    0.169645       0.16962       -3.83004
0.831169    0.168648       0.168623       -3.82997
0.832168    0.167652       0.167627       -3.8299
0.833167    0.166655       0.16663       -3.82983
0.834166    0.165658       0.165634       -3.82976
0.835165    0.164661       0.164637       -3.82969
0.836164    0.163665       0.16364       -3.82962
0.837163    0.162668       0.162644       -3.82954
0.838162    0.161671       0.161647       -3.82947
0.839161    0.160674       0.16065       -3.8294
0.84016    0.159677       0.159654       -3.82933
0.841159    0.158681       0.158657       -3.82926
0.842158    0.157684       0.15766       -3.82918
0.843157    0.156687       0.156664       -3.82911
0.844156    0.15569       0.155667       -3.82904
0.845155    0.154693       0.15467       -3.82897
0.846154    0.153696       0.153673       -3.82889
0.847153    0.152699       0.152676       -3.82882
0.848152    0.151702       0.151679       -3.82875
0.849151    0.150705       0.150682       -3.82867
0.85015    0.149708       0.149686       -3.8286
0.851149    0.148711       0.148689       -3.82853
0.852148    0.147714       0.147692       -3.82845
0.853147    0.146716       0.146695       -3.82838
0.854146    0.145719       0.145698       -3.8283
0.855145    0.144722       0.144701       -3.82823
0.856144    0.143725       0.143704       -3.82815
0.857143    0.142728       0.142707       -3.82808
0.858142    0.141731       0.14171       -3.828
0.859141    0.140733       0.140712       -3.82793
0.86014    0.139736       0.139715       -3.82785
0.861139    0.138739       0.138718       -3.82778
0.862138    0.137742       0.137721       -3.8277
0.863137    0.136744       0.136724       -3.82762
0.864136    0.135747       0.135727       -3.82755
0.865135    0.13475       0.13473       -3.82747
0.866134    0.133752       0.133732       -3.82739
0.867133    0.132755       0.132735       -3.82732
0.868132    0.131757       0.131738       -3.82724
0.869131    0.13076       0.130741       -3.82716
0.87013    0.129763       0.129743       -3.82708
0.871129    0.128765       0.128746       -3.827
0.872128    0.127768       0.127749       -3.82692
0.873127    0.12677       0.126751       -3.82685
0.874126    0.125773       0.125754       -3.82677
0.875125    0.124775       0.124757       -3.82669
0.876124    0.123778       0.123759       -3.82661
0.877123    0.12278       0.122762       -3.82653
0.878122    0.121783       0.121764       -3.82645
0.879121    0.120785       0.120767       -3.82636
0.88012    0.119787       0.11977       -3.82628
0.881119    0.11879       0.118772       -3.8262
0.882118    0.117792       0.117775       -3.82612
0.883117    0.116795       0.116777       -3.82604
0.884116    0.115797       0.11578       -3.82595
0.885115    0.114799       0.114782       -3.82587
0.886114    0.113802       0.113785       -3.82579
0.887113    0.112804       0.112787       -3.8257
0.888112    0.111806       0.111789       -3.82562
0.889111    0.110808       0.110792       -3.82553
0.89011    0.109811       0.109794       -3.82545
0.891109    0.108813       0.108797       -3.82536
0.892108    0.107815       0.107799       -3.82528
0.893107    0.106817       0.106801       -3.82519
0.894106    0.10582       0.105804       -3.8251
0.895105    0.104822       0.104806       -3.82502
0.896104    0.103824       0.103808       -3.82493
0.897103    0.102826       0.102811       -3.82484
0.898102    0.101828       0.101813       -3.82475
0.899101    0.10083       0.100815       -3.82466
0.9001    0.0998326       0.0998177       -3.82457
0.901099    0.0988348       0.0988199       -3.82448
0.902098    0.0978369       0.0978222       -3.82439
0.903097    0.096839       0.0968245       -3.8243
0.904096    0.095841       0.0958267       -3.82421
0.905095    0.0948431       0.0948289       -3.82411
0.906094    0.0938452       0.0938311       -3.82402
0.907093    0.0928472       0.0928333       -3.82393
0.908092    0.0918493       0.0918355       -3.82383
0.909091    0.0908513       0.0908377       -3.82374
0.91009    0.0898533       0.0898398       -3.82364
0.911089    0.0888553       0.088842       -3.82354
0.912088    0.0878573       0.0878441       -3.82345
0.913087    0.0868593       0.0868463       -3.82335
0.914086    0.0858613       0.0858484       -3.82325
0.915085    0.0848632       0.0848505       -3.82315
0.916084    0.0838652       0.0838526       -3.82305
0.917083    0.0828671       0.0828547       -3.82295
0.918082    0.0818691       0.0818568       -3.82285
0.919081    0.080871       0.0808588       -3.82275
0.92008    0.0798729       0.0798609       -3.82264
0.921079    0.0788748       0.0788629       -3.82254
0.922078    0.0778767       0.077865       -3.82243
0.923077    0.0768786       0.076867       -3.82233
0.924076    0.0758804       0.075869       -3.82222
0.925075    0.0748823       0.074871       -3.82211
0.926074    0.0738842       0.073873       -3.822
0.927073    0.072886       0.072875       -3.82189
0.928072    0.0718878       0.071877       -3.82178
0.929071    0.0708897       0.070879       -3.82167
0.93007    0.0698915       0.0698809       -3.82156
0.931069    0.0688933       0.0688829       -3.82144
0.932068    0.0678951       0.0678848       -3.82133
0.933067    0.0668969       0.0668868       -3.82121
0.934066    0.0658986       0.0658887       -3.82109
0.935065    0.0649004       0.0648906       -3.82097
0.936064    0.0639022       0.0638925       -3.82085
0.937063    0.0629039       0.0628944       -3.82073
0.938062    0.0619057       0.0618963       -3.82061
0.939061    0.0609074       0.0608982       -3.82048
0.94006    0.0599091       0.0599001       -3.82036
0.941059    0.0589108       0.0589019       -3.82023
0.942058    0.0579126       0.0579038       -3.8201
0.943057    0.0569143       0.0569056       -3.81997
0.944056    0.0559159       0.0559075       -3.81983
0.945055    0.0549176       0.0549093       -3.8197
0.946054    0.0539193       0.0539111       -3.81956
0.947053    0.052921       0.052913       -3.81943
0.948052    0.0519226       0.0519148       -3.81928
0.949051    0.0509243       0.0509166       -3.81914
0.95005    0.0499259       0.0499184       -3.819
0.951049    0.0489276       0.0489202       -3.81885
0.952048    0.0479292       0.0479219       -3.8187
0.953047    0.0469308       0.0469237       -3.81855
0.954046    0.0459325       0.0459255       -3.8184
0.955045    0.0449341       0.0449272       -3.81824
0.956044    0.0439357       0.043929       -3.81808
0.957043    0.0429373       0.0429307       -3.81792
0.958042    0.0419388       0.0419325       -3.81775
0.959041    0.0409404       0.0409342       -3.81758
0.96004    0.039942       0.0399359       -3.81741
0.961039    0.0389436       0.0389376       -3.81724
0.962038    0.0379451       0.0379394       -3.81706
0.963037    0.0369467       0.0369411       -3.81688
0.964036    0.0359482       0.0359428       -3.81669
0.965035    0.0349498       0.0349444       -3.8165
0.966034    0.0339513       0.0339461       -3.81631
0.967033    0.0329528       0.0329478       -3.81611
0.968032    0.0319544       0.0319495       -3.8159
0.969031    0.0309559       0.0309511       -3.81569
0.97003    0.0299574       0.0299528       -3.81548
0.971029    0.0289589       0.0289545       -3.81526
0.972028    0.0279604       0.0279561       -3.81503
0.973027    0.0269619       0.0269577       -3.8148
0.974026    0.0259634       0.0259594       -3.81456
0.975025    0.0249648       0.024961       -3.81431
0.976024    0.0239663       0.0239626       -3.81405
0.977023    0.0229678       0.0229643       -3.81379
0.978022    0.0219692       0.0219659       -3.81351
0.979021    0.0209707       0.0209675       -3.81323
0.98002    0.0199721       0.0199691       -3.81293
0.981019    0.0189736       0.0189707       -3.81263
0.982018    0.017975       0.0179723       -3.81231
0.983017    0.0169765       0.0169738       -3.81197
0.984016    0.0159779       0.0159754       -3.81162
0.985015    0.0149793       0.014977       -3.81126
0.986014    0.0139807       0.0139786       -3.81087
0.987013    0.0129821       0.0129801       -3.81046
0.988012    0.0119835       0.0119817       -3.81003
0.989011    0.0109849       0.0109832       -3.80957
0.99001    0.00998634       0.00998479       -3.80908
0.991009    0.00898773       0.00898633       -3.80856
0.992008    0.00798911       0.00798787       -3.80799
0.993007    0.00699049       0.0069894       -3.80739
0.994006    0.00599186       0.00599093       -3.80673
0.995005    0.00499323       0.00499245       -3.80601
0.996004    0.0039946       0.00399397       -3.80525
0.997003    0.00299596       0.00299549       -3.80445
0.998002    0.00199731       0.001997       -3.80375
0.999001    0.000998657       0.0009985       -3.80375
1   0        0      0
