0   0        0      0
0.0909091    0.475841       0.506205       -1.22197
0.181818    0.61681       0.655869       -1.22509
0.272727    0.622699       0.661888       -1.22763
0.363636    0.574078       0.610032       -1.2296
0.454545    0.503444       0.53486       -1.23109
0.545455    0.423912       0.450293       -1.23219
0.636364    0.340777       0.361942       -1.23301
0.727273    0.256178       0.272066       -1.23359
0.818182    0.170981       0.181576       -1.23395
0.909091    0.0855369       0.0908377       -1.23392
1   0        0      0
