0   0        0      0
0.0149254    0.123687       0.123725       -3.51246
0.0298507    0.228161       0.228226       -3.54672
0.0447761    0.316086       0.316169       -3.58323
0.0597015    0.389756       0.389849       -3.62229
0.0746269    0.451146       0.451244       -3.66425
0.0895522    0.50196       0.502058       -3.70959
0.104478    0.543662       0.543757       -3.7589
0.119403    0.577516       0.577605       -3.81299
0.134328    0.604609       0.60469       -3.87295
0.149254    0.62588       0.625952       -3.94032
0.164179    0.642134       0.642195       -4.01743
0.179104    0.654067       0.654118       -4.10791
0.19403    0.662278       0.662318       -4.21799
0.208955    0.667283       0.667312       -4.35974
0.223881    0.669526       0.669544       -4.5619
0.238806    0.669389       0.669397       -4.92938
0.253731    0.667204       0.667202       -5.48181
0.268657    0.663253       0.663241       -4.75015
0.283582    0.657781       0.65776       -4.49919
0.298507    0.651       0.65097       -4.34654
0.313433    0.64309       0.643052       -4.23791
0.328358    0.634207       0.634163       -4.15438
0.343284    0.624488       0.624437       -4.08708
0.358209    0.614047       0.61399       -4.03115
0.373134    0.602985       0.602922       -3.98361
0.38806    0.591387       0.591319       -3.94253
0.402985    0.579328       0.579256       -3.90655
0.41791    0.566872       0.566796       -3.87471
0.432836    0.554074       0.553995       -3.84628
0.447761    0.54098       0.540899       -3.8207
0.462687    0.527633       0.527549       -3.79756
0.477612    0.514067       0.513981       -3.77649
0.492537    0.500313       0.500225       -3.75721
0.507463    0.486396       0.486307       -3.7395
0.522388    0.472339       0.472249       -3.72316
0.537313    0.458161       0.458071       -3.70803
0.552239    0.44388       0.44379       -3.69397
0.567164    0.429509       0.429419       -3.68086
0.58209    0.415061       0.414972       -3.66859
0.597015    0.400547       0.400458       -3.65707
0.61194    0.385975       0.385888       -3.64623
0.626866    0.371354       0.371268       -3.636
0.641791    0.35669       0.356606       -3.62631
0.656716    0.34199       0.341908       -3.61711
0.671642    0.327258       0.327178       -3.60834
0.686567    0.3125       0.312421       -3.59996
0.701493    0.297717       0.297641       -3.59193
0.716418    0.282914       0.282841       -3.58421
0.731343    0.268094       0.268023       -3.57676
0.746269    0.253259       0.253191       -3.56955
0.761194    0.238411       0.238346       -3.56255
0.776119    0.223552       0.22349       -3.55572
0.791045    0.208683       0.208624       -3.54903
0.80597    0.193806       0.19375       -3.54245
0.820896    0.178922       0.17887       -3.53596
0.835821    0.164031       0.163983       -3.52953
0.850746    0.149135       0.14909       -3.52311
0.865672    0.134235       0.134194       -3.51668
0.880597    0.11933       0.119293       -3.51021
0.895522    0.104422       0.104389       -3.50365
0.910448    0.0895109       0.0894824       -3.49699
0.925373    0.0745972       0.0745731       -3.49022
0.940299    0.0596813       0.0596617       -3.48338
0.955224    0.0447634       0.0447484       -3.47672
0.970149    0.0298437       0.0298336       -3.47118
0.985075    0.0149224       0.0149174       -3.4713
1   0        0      0
