0   0        0      0
0.00117509    0.0105083       0.0105071       -3.92698
0.00235018    0.0208802       0.0208777       -3.92639
0.00352526    0.0311171       0.0311134       -3.92581
0.00470035    0.0412207       0.0412158       -3.92522
0.00587544    0.0511926       0.0511865       -3.92464
0.00705053    0.0610342       0.061027       -3.92406
0.00822562    0.0707472       0.0707388       -3.92348
0.00940071    0.080333       0.0803234       -3.9229
0.0105758    0.089793       0.0897823       -3.92232
0.0117509    0.0991288       0.099117       -3.92174
0.012926    0.108342       0.108329       -3.92117
0.0141011    0.117434       0.117419       -3.9206
0.0152761    0.126405       0.12639       -3.92003
0.0164512    0.135259       0.135242       -3.91946
0.0176263    0.143995       0.143977       -3.91889
0.0188014    0.152615       0.152596       -3.91832
0.0199765    0.161121       0.161101       -3.91775
0.0211516    0.169513       0.169493       -3.91719
0.0223267    0.177794       0.177773       -3.91663
0.0235018    0.185965       0.185942       -3.91607
0.0246769    0.194026       0.194003       -3.91551
0.0258519    0.20198       0.201955       -3.91495
0.027027    0.209827       0.209801       -3.91439
0.0282021    0.217568       0.217541       -3.91384
0.0293772    0.225205       0.225178       -3.91328
0.0305523    0.23274       0.232711       -3.91273
0.0317274    0.240172       0.240143       -3.91218
0.0329025    0.247504       0.247474       -3.91163
0.0340776    0.254737       0.254705       -3.91108
0.0352526    0.261871       0.261839       -3.91054
0.0364277    0.268908       0.268875       -3.90999
0.0376028    0.27585       0.275816       -3.90945
0.0387779    0.282696       0.282662       -3.9089
0.039953    0.289449       0.289414       -3.90836
0.0411281    0.29611       0.296073       -3.90783
0.0423032    0.302678       0.302641       -3.90729
0.0434783    0.309157       0.309118       -3.90675
0.0446533    0.315546       0.315506       -3.90622
0.0458284    0.321846       0.321806       -3.90568
0.0470035    0.328059       0.328018       -3.90515
0.0481786    0.334186       0.334144       -3.90462
0.0493537    0.340228       0.340185       -3.90409
0.0505288    0.346185       0.346142       -3.90357
0.0517039    0.352059       0.352015       -3.90304
0.052879    0.35785       0.357806       -3.90252
0.0540541    0.363561       0.363515       -3.90199
0.0552291    0.36919       0.369144       -3.90147
0.0564042    0.374741       0.374694       -3.90095
0.0575793    0.380212       0.380165       -3.90043
0.0587544    0.385606       0.385558       -3.89992
0.0599295    0.390924       0.390875       -3.8994
0.0611046    0.396165       0.396115       -3.89889
0.0622797    0.401332       0.401281       -3.89837
0.0634548    0.406424       0.406373       -3.89786
0.0646298    0.411443       0.411391       -3.89735
0.0658049    0.41639       0.416338       -3.89684
0.06698    0.421266       0.421212       -3.89634
0.0681551    0.42607       0.426016       -3.89583
0.0693302    0.430805       0.43075       -3.89533
0.0705053    0.435471       0.435415       -3.89483
0.0716804    0.440068       0.440012       -3.89433
0.0728555    0.444599       0.444542       -3.89383
0.0740306    0.449062       0.449005       -3.89333
0.0752056    0.45346       0.453402       -3.89283
0.0763807    0.457792       0.457733       -3.89234
0.0775558    0.46206       0.462001       -3.89184
0.0787309    0.466265       0.466205       -3.89135
0.079906    0.470407       0.470346       -3.89086
0.0810811    0.474486       0.474425       -3.89037
0.0822562    0.478504       0.478443       -3.88988
0.0834313    0.482462       0.4824       -3.8894
0.0846063    0.48636       0.486297       -3.88891
0.0857814    0.490198       0.490134       -3.88843
0.0869565    0.493978       0.493914       -3.88795
0.0881316    0.497699       0.497635       -3.88747
0.0893067    0.501364       0.501299       -3.88699
0.0904818    0.504972       0.504907       -3.88651
0.0916569    0.508525       0.508458       -3.88604
0.092832    0.512022       0.511955       -3.88556
0.0940071    0.515464       0.515397       -3.88509
0.0951821    0.518853       0.518785       -3.88462
0.0963572    0.522188       0.52212       -3.88415
0.0975323    0.52547       0.525402       -3.88368
0.0987074    0.528701       0.528632       -3.88321
0.0998825    0.53188       0.53181       -3.88275
0.101058    0.535008       0.534938       -3.88228
0.102233    0.538086       0.538015       -3.88182
0.103408    0.541114       0.541043       -3.88136
0.104583    0.544093       0.544021       -3.8809
0.105758    0.547023       0.546951       -3.88044
0.106933    0.549906       0.549833       -3.87998
0.108108    0.552741       0.552668       -3.87953
0.109283    0.555529       0.555456       -3.87907
0.110458    0.558271       0.558198       -3.87862
0.111633    0.560968       0.560893       -3.87817
0.112808    0.563619       0.563544       -3.87772
0.113984    0.566225       0.56615       -3.87727
0.115159    0.568787       0.568712       -3.87682
0.116334    0.571306       0.57123       -3.87638
0.117509    0.573781       0.573705       -3.87593
0.118684    0.576214       0.576137       -3.87549
0.119859    0.578604       0.578527       -3.87505
0.121034    0.580953       0.580876       -3.87461
0.122209    0.583261       0.583183       -3.87417
0.123384    0.585528       0.58545       -3.87373
0.124559    0.587755       0.587676       -3.8733
0.125734    0.589942       0.589863       -3.87286
0.12691    0.59209       0.59201       -3.87243
0.128085    0.594199       0.594119       -3.872
0.12926    0.596269       0.596189       -3.87157
0.130435    0.598302       0.598222       -3.87114
0.13161    0.600297       0.600217       -3.87071
0.132785    0.602256       0.602174       -3.87028
0.13396    0.604177       0.604096       -3.86986
0.135135    0.606063       0.605981       -3.86944
0.13631    0.607912       0.60783       -3.86901
0.137485    0.609727       0.609644       -3.86859
0.13866    0.611506       0.611423       -3.86818
0.139835    0.613251       0.613168       -3.86776
0.141011    0.614962       0.614878       -3.86734
0.142186    0.616639       0.616555       -3.86693
0.143361    0.618283       0.618199       -3.86651
0.144536    0.619893       0.619809       -3.8661
0.145711    0.621472       0.621387       -3.86569
0.146886    0.623018       0.622933       -3.86528
0.148061    0.624532       0.624447       -3.86487
0.149236    0.626015       0.62593       -3.86447
0.150411    0.627467       0.627381       -3.86406
0.151586    0.628888       0.628802       -3.86366
0.152761    0.630279       0.630193       -3.86326
0.153937    0.63164       0.631553       -3.86285
0.155112    0.632971       0.632884       -3.86245
0.156287    0.634273       0.634186       -3.86206
0.157462    0.635546       0.635459       -3.86166
0.158637    0.636791       0.636703       -3.86126
0.159812    0.638007       0.637919       -3.86087
0.160987    0.639195       0.639107       -3.86048
0.162162    0.640356       0.640267       -3.86008
0.163337    0.641489       0.6414       -3.85969
0.164512    0.642595       0.642506       -3.85931
0.165687    0.643675       0.643586       -3.85892
0.166863    0.644728       0.644639       -3.85853
0.168038    0.645756       0.645666       -3.85815
0.169213    0.646757       0.646668       -3.85776
0.170388    0.647733       0.647643       -3.85738
0.171563    0.648684       0.648594       -3.857
0.172738    0.649611       0.64952       -3.85662
0.173913    0.650512       0.650422       -3.85624
0.175088    0.65139       0.651299       -3.85587
0.176263    0.652243       0.652152       -3.85549
0.177438    0.653073       0.652982       -3.85512
0.178613    0.653879       0.653788       -3.85474
0.179788    0.654662       0.654571       -3.85437
0.180964    0.655423       0.655331       -3.854
0.182139    0.65616       0.656068       -3.85363
0.183314    0.656876       0.656784       -3.85326
0.184489    0.657569       0.657477       -3.8529
0.185664    0.65824       0.658148       -3.85253
0.186839    0.65889       0.658797       -3.85217
0.188014    0.659519       0.659426       -3.85181
0.189189    0.660126       0.660033       -3.85144
0.190364    0.660713       0.66062       -3.85108
0.191539    0.661279       0.661185       -3.85072
0.192714    0.661824       0.661731       -3.85037
0.19389    0.66235       0.662256       -3.85001
0.195065    0.662856       0.662762       -3.84966
0.19624    0.663342       0.663248       -3.8493
0.197415    0.663809       0.663715       -3.84895
0.19859    0.664256       0.664162       -3.8486
0.199765    0.664685       0.66459       -3.84825
0.20094    0.665094       0.665       -3.8479
0.202115    0.665486       0.665391       -3.84755
0.20329    0.665859       0.665764       -3.84721
0.204465    0.666214       0.666119       -3.84686
0.20564    0.666551       0.666456       -3.84652
0.206816    0.66687       0.666775       -3.84618
0.207991    0.667172       0.667077       -3.84583
0.209166    0.667457       0.667361       -3.84549
0.210341    0.667724       0.667629       -3.84516
0.211516    0.667975       0.66788       -3.84482
0.212691    0.668209       0.668114       -3.84448
0.213866    0.668427       0.668331       -3.84415
0.215041    0.668628       0.668532       -3.84381
0.216216    0.668813       0.668718       -3.84348
0.217391    0.668983       0.668887       -3.84315
0.218566    0.669137       0.66904       -3.84282
0.219741    0.669275       0.669179       -3.84249
0.220917    0.669398       0.669301       -3.84216
0.222092    0.669505       0.669409       -3.84184
0.223267    0.669598       0.669501       -3.84151
0.224442    0.669676       0.669579       -3.84119
0.225617    0.669739       0.669642       -3.84086
0.226792    0.669788       0.669691       -3.84054
0.227967    0.669822       0.669725       -3.84022
0.229142    0.669842       0.669746       -3.8399
0.230317    0.669849       0.669752       -3.83958
0.231492    0.669841       0.669744       -3.83927
0.232667    0.66982       0.669723       -3.83895
0.233843    0.669786       0.669689       -3.83864
0.235018    0.669738       0.669641       -3.83832
0.236193    0.669677       0.66958       -3.83801
0.237368    0.669603       0.669505       -3.8377
0.238543    0.669516       0.669418       -3.83739
0.239718    0.669416       0.669319       -3.83708
0.240893    0.669304       0.669206       -3.83677
0.242068    0.669179       0.669082       -3.83646
0.243243    0.669042       0.668945       -3.83616
0.244418    0.668893       0.668796       -3.83586
0.245593    0.668732       0.668635       -3.83555
0.246769    0.668559       0.668462       -3.83525
0.247944    0.668375       0.668277       -3.83495
0.249119    0.668179       0.668081       -3.83465
0.250294    0.667971       0.667873       -3.83435
0.251469    0.667752       0.667654       -3.83405
0.252644    0.667522       0.667424       -3.83376
0.253819    0.667281       0.667183       -3.83346
0.254994    0.667029       0.666931       -3.83317
0.256169    0.666766       0.666668       -3.83287
0.257344    0.666493       0.666395       -3.83258
0.258519    0.666209       0.666111       -3.83229
0.259694    0.665914       0.665816       -3.832
0.26087    0.66561       0.665512       -3.83171
0.262045    0.665295       0.665197       -3.83143
0.26322    0.66497       0.664872       -3.83114
0.264395    0.664635       0.664537       -3.83085
0.26557    0.664291       0.664192       -3.83057
0.266745    0.663936       0.663838       -3.83029
0.26792    0.663572       0.663474       -3.83
0.269095    0.663199       0.663101       -3.82972
0.27027    0.662816       0.662718       -3.82944
0.271445    0.662424       0.662326       -3.82916
0.27262    0.662023       0.661925       -3.82889
0.273796    0.661613       0.661514       -3.82861
0.274971    0.661193       0.661095       -3.82833
0.276146    0.660765       0.660667       -3.82806
0.277321    0.660329       0.66023       -3.82778
0.278496    0.659883       0.659785       -3.82751
0.279671    0.659429       0.659331       -3.82724
0.280846    0.658967       0.658869       -3.82697
0.282021    0.658496       0.658398       -3.8267
0.283196    0.658018       0.657919       -3.82643
0.284371    0.657531       0.657432       -3.82616
0.285546    0.657036       0.656937       -3.8259
0.286722    0.656533       0.656434       -3.82563
0.287897    0.656022       0.655924       -3.82537
0.289072    0.655503       0.655405       -3.8251
0.290247    0.654977       0.654879       -3.82484
0.291422    0.654443       0.654345       -3.82458
0.292597    0.653902       0.653804       -3.82432
0.293772    0.653353       0.653255       -3.82406
0.294947    0.652797       0.652699       -3.8238
0.296122    0.652234       0.652136       -3.82354
0.297297    0.651663       0.651565       -3.82329
0.298472    0.651086       0.650988       -3.82303
0.299647    0.650501       0.650403       -3.82278
0.300823    0.64991       0.649812       -3.82253
0.301998    0.649311       0.649214       -3.82227
0.303173    0.648706       0.648609       -3.82202
0.304348    0.648095       0.647997       -3.82177
0.305523    0.647477       0.647379       -3.82152
0.306698    0.646852       0.646754       -3.82127
0.307873    0.646221       0.646123       -3.82102
0.309048    0.645583       0.645486       -3.82078
0.310223    0.64494       0.644842       -3.82053
0.311398    0.64429       0.644192       -3.82029
0.312573    0.643633       0.643536       -3.82004
0.313749    0.642971       0.642874       -3.8198
0.314924    0.642303       0.642206       -3.81956
0.316099    0.641629       0.641532       -3.81932
0.317274    0.640949       0.640852       -3.81908
0.318449    0.640263       0.640166       -3.81884
0.319624    0.639572       0.639475       -3.8186
0.320799    0.638875       0.638778       -3.81836
0.321974    0.638172       0.638075       -3.81813
0.323149    0.637464       0.637367       -3.81789
0.324324    0.63675       0.636653       -3.81766
0.325499    0.636031       0.635934       -3.81742
0.326675    0.635307       0.63521       -3.81719
0.32785    0.634577       0.63448       -3.81696
0.329025    0.633842       0.633746       -3.81673
0.3302    0.633102       0.633006       -3.8165
0.331375    0.632357       0.632261       -3.81627
0.33255    0.631607       0.631511       -3.81604
0.333725    0.630852       0.630756       -3.81581
0.3349    0.630092       0.629996       -3.81559
0.336075    0.629327       0.629231       -3.81536
0.33725    0.628558       0.628461       -3.81514
0.338425    0.627783       0.627687       -3.81491
0.3396    0.627004       0.626908       -3.81469
0.340776    0.62622       0.626124       -3.81447
0.341951    0.625432       0.625336       -3.81425
0.343126    0.624639       0.624544       -3.81403
0.344301    0.623842       0.623746       -3.81381
0.345476    0.623041       0.622945       -3.81359
0.346651    0.622235       0.622139       -3.81337
0.347826    0.621424       0.621329       -3.81315
0.349001    0.62061       0.620514       -3.81294
0.350176    0.619791       0.619695       -3.81272
0.351351    0.618968       0.618873       -3.81251
0.352526    0.618141       0.618046       -3.81229
0.353702    0.61731       0.617214       -3.81208
0.354877    0.616474       0.616379       -3.81187
0.356052    0.615635       0.61554       -3.81166
0.357227    0.614792       0.614697       -3.81145
0.358402    0.613945       0.61385       -3.81124
0.359577    0.613095       0.613       -3.81103
0.360752    0.61224       0.612145       -3.81082
0.361927    0.611382       0.611287       -3.81061
0.363102    0.61052       0.610425       -3.81041
0.364277    0.609654       0.60956       -3.8102
0.365452    0.608785       0.60869       -3.81
0.366627    0.607912       0.607818       -3.80979
0.367803    0.607035       0.606941       -3.80959
0.368978    0.606156       0.606062       -3.80939
0.370153    0.605272       0.605178       -3.80919
0.371328    0.604385       0.604292       -3.80899
0.372503    0.603495       0.603402       -3.80879
0.373678    0.602602       0.602508       -3.80859
0.374853    0.601705       0.601612       -3.80839
0.376028    0.600805       0.600712       -3.80819
0.377203    0.599902       0.599809       -3.80799
0.378378    0.598996       0.598902       -3.8078
0.379553    0.598086       0.597993       -3.8076
0.380729    0.597173       0.59708       -3.80741
0.381904    0.596258       0.596165       -3.80721
0.383079    0.595339       0.595246       -3.80702
0.384254    0.594417       0.594325       -3.80683
0.385429    0.593493       0.5934       -3.80664
0.386604    0.592565       0.592472       -3.80644
0.387779    0.591634       0.591542       -3.80625
0.388954    0.590701       0.590609       -3.80607
0.390129    0.589765       0.589673       -3.80588
0.391304    0.588826       0.588734       -3.80569
0.392479    0.587884       0.587792       -3.8055
0.393655    0.58694       0.586848       -3.80531
0.39483    0.585993       0.585901       -3.80513
0.396005    0.585043       0.584951       -3.80494
0.39718    0.58409       0.583999       -3.80476
0.398355    0.583135       0.583044       -3.80458
0.39953    0.582178       0.582086       -3.80439
0.400705    0.581217       0.581126       -3.80421
0.40188    0.580255       0.580164       -3.80403
0.403055    0.57929       0.579199       -3.80385
0.40423    0.578322       0.578231       -3.80367
0.405405    0.577352       0.577261       -3.80349
0.40658    0.576379       0.576289       -3.80331
0.407756    0.575405       0.575314       -3.80313
0.408931    0.574427       0.574337       -3.80295
0.410106    0.573448       0.573358       -3.80278
0.411281    0.572466       0.572376       -3.8026
0.412456    0.571482       0.571392       -3.80243
0.413631    0.570496       0.570406       -3.80225
0.414806    0.569508       0.569418       -3.80208
0.415981    0.568517       0.568427       -3.8019
0.417156    0.567524       0.567435       -3.80173
0.418331    0.566529       0.56644       -3.80156
0.419506    0.565532       0.565443       -3.80139
0.420682    0.564533       0.564444       -3.80122
0.421857    0.563532       0.563443       -3.80105
0.423032    0.562529       0.56244       -3.80088
0.424207    0.561523       0.561435       -3.80071
0.425382    0.560516       0.560428       -3.80054
0.426557    0.559507       0.559419       -3.80037
0.427732    0.558496       0.558408       -3.8002
0.428907    0.557483       0.557395       -3.80004
0.430082    0.556468       0.55638       -3.79987
0.431257    0.555451       0.555363       -3.79971
0.432432    0.554433       0.554345       -3.79954
0.433608    0.553412       0.553324       -3.79938
0.434783    0.55239       0.552302       -3.79922
0.435958    0.551366       0.551278       -3.79905
0.437133    0.55034       0.550253       -3.79889
0.438308    0.549312       0.549225       -3.79873
0.439483    0.548283       0.548196       -3.79857
0.440658    0.547252       0.547165       -3.79841
0.441833    0.546219       0.546133       -3.79825
0.443008    0.545185       0.545098       -3.79809
0.444183    0.544149       0.544063       -3.79793
0.445358    0.543112       0.543025       -3.79777
0.446533    0.542072       0.541986       -3.79762
0.447709    0.541031       0.540945       -3.79746
0.448884    0.539989       0.539903       -3.7973
0.450059    0.538945       0.538859       -3.79715
0.451234    0.5379       0.537814       -3.79699
0.452409    0.536853       0.536767       -3.79684
0.453584    0.535804       0.535719       -3.79669
0.454759    0.534754       0.534669       -3.79653
0.455934    0.533703       0.533618       -3.79638
0.457109    0.53265       0.532565       -3.79623
0.458284    0.531596       0.531511       -3.79608
0.459459    0.53054       0.530455       -3.79593
0.460635    0.529483       0.529398       -3.79578
0.46181    0.528424       0.52834       -3.79563
0.462985    0.527364       0.52728       -3.79548
0.46416    0.526303       0.526219       -3.79533
0.465335    0.525241       0.525157       -3.79518
0.46651    0.524177       0.524093       -3.79503
0.467685    0.523112       0.523028       -3.79489
0.46886    0.522045       0.521962       -3.79474
0.470035    0.520978       0.520894       -3.79459
0.47121    0.519909       0.519825       -3.79445
0.472385    0.518838       0.518755       -3.7943
0.473561    0.517767       0.517684       -3.79416
0.474736    0.516694       0.516611       -3.79401
0.475911    0.515621       0.515538       -3.79387
0.477086    0.514545       0.514463       -3.79373
0.478261    0.513469       0.513387       -3.79359
0.479436    0.512392       0.51231       -3.79344
0.480611    0.511313       0.511231       -3.7933
0.481786    0.510234       0.510152       -3.79316
0.482961    0.509153       0.509071       -3.79302
0.484136    0.508071       0.507989       -3.79288
0.485311    0.506988       0.506907       -3.79274
0.486486    0.505904       0.505823       -3.7926
0.487662    0.504819       0.504738       -3.79246
0.488837    0.503733       0.503652       -3.79233
0.490012    0.502646       0.502565       -3.79219
0.491187    0.501558       0.501477       -3.79205
0.492362    0.500468       0.500388       -3.79192
0.493537    0.499378       0.499298       -3.79178
0.494712    0.498287       0.498207       -3.79165
0.495887    0.497195       0.497114       -3.79151
0.497062    0.496102       0.496021       -3.79138
0.498237    0.495008       0.494927       -3.79124
0.499412    0.493912       0.493833       -3.79111
0.500588    0.492816       0.492737       -3.79098
0.501763    0.49172       0.49164       -3.79084
0.502938    0.490622       0.490542       -3.79071
0.504113    0.489523       0.489444       -3.79058
0.505288    0.488423       0.488344       -3.79045
0.506463    0.487323       0.487244       -3.79032
0.507638    0.486221       0.486143       -3.79019
0.508813    0.485119       0.48504       -3.79006
0.509988    0.484016       0.483937       -3.78993
0.511163    0.482912       0.482834       -3.7898
0.512338    0.481807       0.481729       -3.78967
0.513514    0.480702       0.480624       -3.78954
0.514689    0.479595       0.479517       -3.78941
0.515864    0.478488       0.47841       -3.78929
0.517039    0.47738       0.477302       -3.78916
0.518214    0.476271       0.476194       -3.78903
0.519389    0.475161       0.475084       -3.78891
0.520564    0.474051       0.473974       -3.78878
0.521739    0.47294       0.472863       -3.78866
0.522914    0.471828       0.471751       -3.78853
0.524089    0.470716       0.470639       -3.78841
0.525264    0.469602       0.469526       -3.78828
0.526439    0.468488       0.468412       -3.78816
0.527615    0.467373       0.467297       -3.78804
0.52879    0.466258       0.466182       -3.78792
0.529965    0.465142       0.465066       -3.78779
0.53114    0.464025       0.463949       -3.78767
0.532315    0.462907       0.462832       -3.78755
0.53349    0.461789       0.461714       -3.78743
0.534665    0.46067       0.460595       -3.78731
0.53584    0.459551       0.459476       -3.78719
0.537015    0.458431       0.458356       -3.78707
0.53819    0.45731       0.457235       -3.78695
0.539365    0.456188       0.456114       -3.78683
0.540541    0.455066       0.454992       -3.78671
0.541716    0.453943       0.453869       -3.78659
0.542891    0.45282       0.452746       -3.78648
0.544066    0.451696       0.451622       -3.78636
0.545241    0.450572       0.450498       -3.78624
0.546416    0.449446       0.449373       -3.78613
0.547591    0.448321       0.448247       -3.78601
0.548766    0.447194       0.447121       -3.78589
0.549941    0.446068       0.445995       -3.78578
0.551116    0.44494       0.444867       -3.78566
0.552291    0.443812       0.443739       -3.78555
0.553467    0.442684       0.442611       -3.78543
0.554642    0.441555       0.441482       -3.78532
0.555817    0.440425       0.440353       -3.78521
0.556992    0.439295       0.439223       -3.78509
0.558167    0.438164       0.438092       -3.78498
0.559342    0.437033       0.436961       -3.78487
0.560517    0.435901       0.43583       -3.78475
0.561692    0.434769       0.434698       -3.78464
0.562867    0.433636       0.433565       -3.78453
0.564042    0.432503       0.432432       -3.78442
0.565217    0.431369       0.431298       -3.78431
0.566392    0.430235       0.430164       -3.7842
0.567568    0.4291       0.42903       -3.78409
0.568743    0.427965       0.427895       -3.78398
0.569918    0.42683       0.426759       -3.78387
0.571093    0.425694       0.425623       -3.78376
0.572268    0.424557       0.424487       -3.78365
0.573443    0.42342       0.42335       -3.78354
0.574618    0.422283       0.422213       -3.78343
0.575793    0.421145       0.421075       -3.78333
0.576968    0.420006       0.419937       -3.78322
0.578143    0.418868       0.418799       -3.78311
0.579318    0.417728       0.41766       -3.783
0.580494    0.416589       0.41652       -3.7829
0.581669    0.415449       0.41538       -3.78279
0.582844    0.414308       0.41424       -3.78268
0.584019    0.413168       0.413099       -3.78258
0.585194    0.412026       0.411958       -3.78247
0.586369    0.410885       0.410817       -3.78237
0.587544    0.409743       0.409675       -3.78226
0.588719    0.4086       0.408533       -3.78216
0.589894    0.407457       0.40739       -3.78206
0.591069    0.406314       0.406247       -3.78195
0.592244    0.405171       0.405104       -3.78185
0.59342    0.404027       0.40396       -3.78174
0.594595    0.402883       0.402816       -3.78164
0.59577    0.401738       0.401672       -3.78154
0.596945    0.400593       0.400527       -3.78144
0.59812    0.399448       0.399381       -3.78133
0.599295    0.398302       0.398236       -3.78123
0.60047    0.397156       0.39709       -3.78113
0.601645    0.396009       0.395944       -3.78103
0.60282    0.394863       0.394797       -3.78093
0.603995    0.393716       0.39365       -3.78083
0.60517    0.392568       0.392503       -3.78073
0.606345    0.391421       0.391356       -3.78063
0.607521    0.390273       0.390208       -3.78053
0.608696    0.389124       0.38906       -3.78043
0.609871    0.387976       0.387911       -3.78033
0.611046    0.386827       0.386762       -3.78023
0.612221    0.385677       0.385613       -3.78013
0.613396    0.384528       0.384464       -3.78003
0.614571    0.383378       0.383314       -3.77993
0.615746    0.382228       0.382164       -3.77984
0.616921    0.381077       0.381014       -3.77974
0.618096    0.379926       0.379863       -3.77964
0.619271    0.378775       0.378712       -3.77954
0.620447    0.377624       0.377561       -3.77945
0.621622    0.376472       0.37641       -3.77935
0.622797    0.37532       0.375258       -3.77925
0.623972    0.374168       0.374106       -3.77916
0.625147    0.373016       0.372954       -3.77906
0.626322    0.371863       0.371801       -3.77896
0.627497    0.37071       0.370649       -3.77887
0.628672    0.369557       0.369496       -3.77877
0.629847    0.368404       0.368342       -3.77868
0.631022    0.36725       0.367189       -3.77858
0.632197    0.366096       0.366035       -3.77849
0.633373    0.364942       0.364881       -3.77839
0.634548    0.363787       0.363727       -3.7783
0.635723    0.362632       0.362572       -3.77821
0.636898    0.361477       0.361417       -3.77811
0.638073    0.360322       0.360262       -3.77802
0.639248    0.359167       0.359107       -3.77793
0.640423    0.358011       0.357952       -3.77783
0.641598    0.356855       0.356796       -3.77774
0.642773    0.355699       0.35564       -3.77765
0.643948    0.354543       0.354484       -3.77756
0.645123    0.353386       0.353327       -3.77746
0.646298    0.35223       0.352171       -3.77737
0.647474    0.351073       0.351014       -3.77728
0.648649    0.349915       0.349857       -3.77719
0.649824    0.348758       0.3487       -3.7771
0.650999    0.3476       0.347542       -3.77701
0.652174    0.346442       0.346385       -3.77691
0.653349    0.345284       0.345227       -3.77682
0.654524    0.344126       0.344069       -3.77673
0.655699    0.342968       0.34291       -3.77664
0.656874    0.341809       0.341752       -3.77655
0.658049    0.34065       0.340593       -3.77646
0.659224    0.339491       0.339435       -3.77637
0.6604    0.338332       0.338276       -3.77628
0.661575    0.337173       0.337116       -3.77619
0.66275    0.336013       0.335957       -3.7761
0.663925    0.334853       0.334797       -3.77602
0.6651    0.333693       0.333638       -3.77593
0.666275    0.332533       0.332478       -3.77584
0.66745    0.331373       0.331318       -3.77575
0.668625    0.330213       0.330157       -3.77566
0.6698    0.329052       0.328997       -3.77557
0.670975    0.327891       0.327836       -3.77548
0.67215    0.32673       0.326675       -3.7754
0.673325    0.325569       0.325514       -3.77531
0.674501    0.324408       0.324353       -3.77522
0.675676    0.323246       0.323192       -3.77513
0.676851    0.322085       0.322031       -3.77505
0.678026    0.320923       0.320869       -3.77496
0.679201    0.319761       0.319707       -3.77487
0.680376    0.318599       0.318545       -3.77479
0.681551    0.317437       0.317383       -3.7747
0.682726    0.316274       0.316221       -3.77461
0.683901    0.315112       0.315059       -3.77453
0.685076    0.313949       0.313896       -3.77444
0.686251    0.312786       0.312733       -3.77436
0.687427    0.311623       0.311571       -3.77427
0.688602    0.31046       0.310408       -3.77418
0.689777    0.309297       0.309245       -3.7741
0.690952    0.308133       0.308081       -3.77401
0.692127    0.30697       0.306918       -3.77393
0.693302    0.305806       0.305754       -3.77384
0.694477    0.304642       0.304591       -3.77376
0.695652    0.303478       0.303427       -3.77367
0.696827    0.302314       0.302263       -3.77359
0.698002    0.30115       0.301099       -3.77351
0.699177    0.299985       0.299935       -3.77342
0.700353    0.298821       0.298771       -3.77334
0.701528    0.297656       0.297606       -3.77325
0.702703    0.296492       0.296442       -3.77317
0.703878    0.295327       0.295277       -3.77308
0.705053    0.294162       0.294112       -3.773
0.706228    0.292997       0.292947       -3.77292
0.707403    0.291831       0.291782       -3.77283
0.708578    0.290666       0.290617       -3.77275
0.709753    0.289501       0.289452       -3.77267
0.710928    0.288335       0.288286       -3.77258
0.712103    0.287169       0.287121       -3.7725
0.713278    0.286004       0.285955       -3.77242
0.714454    0.284838       0.28479       -3.77233
0.715629    0.283672       0.283624       -3.77225
0.716804    0.282506       0.282458       -3.77217
0.717979    0.281339       0.281292       -3.77209
0.719154    0.280173       0.280126       -3.772
0.720329    0.279007       0.27896       -3.77192
0.721504    0.27784       0.277793       -3.77184
0.722679    0.276674       0.276627       -3.77176
0.723854    0.275507       0.27546       -3.77168
0.725029    0.27434       0.274294       -3.77159
0.726204    0.273173       0.273127       -3.77151
0.72738    0.272006       0.27196       -3.77143
0.728555    0.270839       0.270793       -3.77135
0.72973    0.269672       0.269626       -3.77127
0.730905    0.268504       0.268459       -3.77118
0.73208    0.267337       0.267292       -3.7711
0.733255    0.266169       0.266124       -3.77102
0.73443    0.265002       0.264957       -3.77094
0.735605    0.263834       0.26379       -3.77086
0.73678    0.262666       0.262622       -3.77078
0.737955    0.261499       0.261454       -3.7707
0.73913    0.260331       0.260287       -3.77062
0.740306    0.259163       0.259119       -3.77053
0.741481    0.257995       0.257951       -3.77045
0.742656    0.256826       0.256783       -3.77037
0.743831    0.255658       0.255615       -3.77029
0.745006    0.25449       0.254447       -3.77021
0.746181    0.253321       0.253278       -3.77013
0.747356    0.252153       0.25211       -3.77005
0.748531    0.250984       0.250942       -3.76997
0.749706    0.249816       0.249773       -3.76989
0.750881    0.248647       0.248605       -3.76981
0.752056    0.247478       0.247436       -3.76973
0.753231    0.246309       0.246267       -3.76965
0.754407    0.24514       0.245098       -3.76957
0.755582    0.243971       0.24393       -3.76949
0.756757    0.242802       0.242761       -3.76941
0.757932    0.241633       0.241592       -3.76933
0.759107    0.240463       0.240423       -3.76925
0.760282    0.239294       0.239253       -3.76917
0.761457    0.238125       0.238084       -3.76908
0.762632    0.236955       0.236915       -3.769
0.763807    0.235786       0.235746       -3.76892
0.764982    0.234616       0.234576       -3.76884
0.766157    0.233447       0.233407       -3.76876
0.767333    0.232277       0.232237       -3.76868
0.768508    0.231107       0.231068       -3.7686
0.769683    0.229937       0.229898       -3.76852
0.770858    0.228767       0.228728       -3.76844
0.772033    0.227597       0.227558       -3.76836
0.773208    0.226427       0.226389       -3.76828
0.774383    0.225257       0.225219       -3.7682
0.775558    0.224087       0.224049       -3.76812
0.776733    0.222917       0.222879       -3.76804
0.777908    0.221746       0.221709       -3.76796
0.779083    0.220576       0.220538       -3.76788
0.780259    0.219406       0.219368       -3.7678
0.781434    0.218235       0.218198       -3.76772
0.782609    0.217065       0.217028       -3.76764
0.783784    0.215894       0.215857       -3.76756
0.784959    0.214724       0.214687       -3.76748
0.786134    0.213553       0.213516       -3.7674
0.787309    0.212382       0.212346       -3.76732
0.788484    0.211211       0.211175       -3.76724
0.789659    0.210041       0.210005       -3.76716
0.790834    0.20887       0.208834       -3.76708
0.792009    0.207699       0.207663       -3.767
0.793184    0.206528       0.206492       -3.76692
0.79436    0.205357       0.205322       -3.76684
0.795535    0.204186       0.204151       -3.76676
0.79671    0.203014       0.20298       -3.76668
0.797885    0.201843       0.201809       -3.76659
0.79906    0.200672       0.200638       -3.76651
0.800235    0.199501       0.199467       -3.76643
0.80141    0.198329       0.198296       -3.76635
0.802585    0.197158       0.197124       -3.76627
0.80376    0.195987       0.195953       -3.76619
0.804935    0.194815       0.194782       -3.76611
0.80611    0.193644       0.193611       -3.76603
0.807286    0.192472       0.192439       -3.76595
0.808461    0.191301       0.191268       -3.76586
0.809636    0.190129       0.190096       -3.76578
0.810811    0.188957       0.188925       -3.7657
0.811986    0.187786       0.187753       -3.76562
0.813161    0.186614       0.186582       -3.76554
0.814336    0.185442       0.18541       -3.76546
0.815511    0.18427       0.184239       -3.76537
0.816686    0.183098       0.183067       -3.76529
0.817861    0.181926       0.181895       -3.76521
0.819036    0.180754       0.180723       -3.76513
0.820212    0.179582       0.179552       -3.76504
0.821387    0.17841       0.17838       -3.76496
0.822562    0.177238       0.177208       -3.76488
0.823737    0.176066       0.176036       -3.7648
0.824912    0.174894       0.174864       -3.76471
0.826087    0.173722       0.173692       -3.76463
0.827262    0.17255       0.17252       -3.76455
0.828437    0.171378       0.171348       -3.76446
0.829612    0.170205       0.170176       -3.76438
0.830787    0.169033       0.169004       -3.76429
0.831962    0.167861       0.167832       -3.76421
0.833137    0.166688       0.166659       -3.76413
0.834313    0.165516       0.165487       -3.76404
0.835488    0.164343       0.164315       -3.76396
0.836663    0.163171       0.163143       -3.76387
0.837838    0.161998       0.16197       -3.76379
0.839013    0.160826       0.160798       -3.7637
0.840188    0.159653       0.159626       -3.76362
0.841363    0.158481       0.158453       -3.76353
0.842538    0.157308       0.157281       -3.76345
0.843713    0.156135       0.156108       -3.76336
0.844888    0.154963       0.154936       -3.76327
0.846063    0.15379       0.153763       -3.76319
0.847239    0.152617       0.152591       -3.7631
0.848414    0.151444       0.151418       -3.76301
0.849589    0.150271       0.150246       -3.76293
0.850764    0.149099       0.149073       -3.76284
0.851939    0.147926       0.1479       -3.76275
0.853114    0.146753       0.146728       -3.76266
0.854289    0.14558       0.145555       -3.76257
0.855464    0.144407       0.144382       -3.76249
0.856639    0.143234       0.143209       -3.7624
0.857814    0.142061       0.142036       -3.76231
0.858989    0.140888       0.140864       -3.76222
0.860165    0.139715       0.139691       -3.76213
0.86134    0.138542       0.138518       -3.76204
0.862515    0.137369       0.137345       -3.76195
0.86369    0.136196       0.136172       -3.76186
0.864865    0.135022       0.134999       -3.76177
0.86604    0.133849       0.133826       -3.76168
0.867215    0.132676       0.132653       -3.76158
0.86839    0.131503       0.13148       -3.76149
0.869565    0.13033       0.130307       -3.7614
0.87074    0.129156       0.129134       -3.76131
0.871915    0.127983       0.127961       -3.76121
0.87309    0.12681       0.126788       -3.76112
0.874266    0.125636       0.125614       -3.76102
0.875441    0.124463       0.124441       -3.76093
0.876616    0.12329       0.123268       -3.76083
0.877791    0.122116       0.122095       -3.76074
0.878966    0.120943       0.120922       -3.76064
0.880141    0.119769       0.119748       -3.76055
0.881316    0.118596       0.118575       -3.76045
0.882491    0.117422       0.117402       -3.76035
0.883666    0.116249       0.116229       -3.76026
0.884841    0.115075       0.115055       -3.76016
0.886016    0.113902       0.113882       -3.76006
0.887192    0.112728       0.112708       -3.75996
0.888367    0.111554       0.111535       -3.75986
0.889542    0.110381       0.110362       -3.75976
0.890717    0.109207       0.109188       -3.75966
0.891892    0.108034       0.108015       -3.75955
0.893067    0.10686       0.106841       -3.75945
0.894242    0.105686       0.105668       -3.75935
0.895417    0.104512       0.104494       -3.75925
0.896592    0.103339       0.103321       -3.75914
0.897767    0.102165       0.102147       -3.75904
0.898942    0.100991       0.100974       -3.75893
0.900118    0.0998175       0.0998001       -3.75882
0.901293    0.0986437       0.0986265       -3.75872
0.902468    0.0974699       0.0974529       -3.75861
0.903643    0.096296       0.0962793       -3.7585
0.904818    0.0951222       0.0951056       -3.75839
0.905993    0.0939483       0.093932       -3.75828
0.907168    0.0927745       0.0927583       -3.75817
0.908343    0.0916006       0.0915846       -3.75806
0.909518    0.0904267       0.0904109       -3.75794
0.910693    0.0892527       0.0892371       -3.75783
0.911868    0.0880788       0.0880634       -3.75772
0.913043    0.0869048       0.0868897       -3.7576
0.914219    0.0857309       0.0857159       -3.75748
0.915394    0.0845569       0.0845421       -3.75737
0.916569    0.0833829       0.0833683       -3.75725
0.917744    0.0822089       0.0821945       -3.75713
0.918919    0.0810348       0.0810207       -3.75701
0.920094    0.0798608       0.0798468       -3.75688
0.921269    0.0786867       0.078673       -3.75676
0.922444    0.0775127       0.0774991       -3.75664
0.923619    0.0763386       0.0763252       -3.75651
0.924794    0.0751645       0.0751513       -3.75638
0.925969    0.0739904       0.0739774       -3.75625
0.927145    0.0728162       0.0728035       -3.75612
0.92832    0.0716421       0.0716295       -3.75599
0.929495    0.070468       0.0704556       -3.75586
0.93067    0.0692938       0.0692816       -3.75572
0.931845    0.0681196       0.0681077       -3.75559
0.93302    0.0669454       0.0669337       -3.75545
0.934195    0.0657712       0.0657597       -3.75531
0.93537    0.064597       0.0645857       -3.75517
0.936545    0.0634228       0.0634116       -3.75503
0.93772    0.0622486       0.0622376       -3.75488
0.938895    0.0610743       0.0610636       -3.75474
0.940071    0.0599       0.0598895       -3.75459
0.941246    0.0587258       0.0587154       -3.75444
0.942421    0.0575515       0.0575414       -3.75428
0.943596    0.0563772       0.0563673       -3.75413
0.944771    0.0552029       0.0551932       -3.75397
0.945946    0.0540286       0.0540191       -3.75381
0.947121    0.0528542       0.0528449       -3.75364
0.948296    0.0516799       0.0516708       -3.75348
0.949471    0.0505056       0.0504966       -3.75331
0.950646    0.0493312       0.0493225       -3.75314
0.951821    0.0481568       0.0481483       -3.75296
0.952996    0.0469824       0.0469741       -3.75278
0.954172    0.0458081       0.0458       -3.7526
0.955347    0.0446337       0.0446258       -3.75242
0.956522    0.0434592       0.0434516       -3.75223
0.957697    0.0422848       0.0422773       -3.75204
0.958872    0.0411104       0.0411031       -3.75184
0.960047    0.039936       0.0399289       -3.75164
0.961222    0.0387615       0.0387546       -3.75143
0.962397    0.0375871       0.0375804       -3.75122
0.963572    0.0364126       0.0364061       -3.751
0.964747    0.0352381       0.0352319       -3.75078
0.965922    0.0340636       0.0340576       -3.75056
0.967098    0.0328891       0.0328833       -3.75032
0.968273    0.0317146       0.031709       -3.75008
0.969448    0.0305401       0.0305347       -3.74983
0.970623    0.0293656       0.0293604       -3.74958
0.971798    0.0281911       0.028186       -3.74931
0.972973    0.0270165       0.0270117       -3.74904
0.974148    0.025842       0.0258374       -3.74876
0.975323    0.0246674       0.024663       -3.74847
0.976498    0.0234929       0.0234887       -3.74817
0.977673    0.0223183       0.0223143       -3.74785
0.978848    0.0211437       0.0211399       -3.74752
0.980024    0.0199691       0.0199656       -3.74718
0.981199    0.0187945       0.0187912       -3.74682
0.982374    0.0176199       0.0176168       -3.74645
0.983549    0.0164453       0.0164424       -3.74605
0.984724    0.0152707       0.015268       -3.74564
0.985899    0.0140961       0.0140935       -3.7452
0.987074    0.0129214       0.0129191       -3.74473
0.988249    0.0117468       0.0117447       -3.74423
0.989424    0.0105722       0.0105702       -3.7437
0.990599    0.0093975       0.0093958       -3.74312
0.991774    0.00822284       0.00822135       -3.7425
0.992949    0.00704817       0.00704689       -3.74183
0.994125    0.00587349       0.00587243       -3.74111
0.9953    0.00469881       0.00469795       -3.74033
0.996475    0.00352412       0.00352348       -3.73952
0.99765    0.00234942       0.00234899       -3.73881
0.998825    0.00117471       0.0011745       -3.73881
1   0        0      0
